ADX,BBPower,CCI20,Perf.W,Pivot.M.Camarilla.R3,RSI,change,close,volume,timestamp_utc,fecha_iso,simbolo
28.457666245556474,1.10833487749008,50.3056271461914,-0.7749792416274596,98.212625,57.719827758723135,-0.5087881591119308,107.55,8730729,1788220877,2026-09-01T00:01:17Z,NYSE:DIS
28.457666245556474,1.10833487749008,50.3056271461914,-0.7749792416274596,98.212625,57.719827758723135,-0.5087881591119308,107.55,8731100,1788221059,2026-09-01T00:04:19Z,NYSE:DIS
28.457666245556474,1.10833487749008,50.3056271461914,-0.7749792416274596,98.212625,57.719827758723135,-0.5087881591119308,107.55,8731179,1788221237,2026-09-01T00:07:17Z,NYSE:DIS
28.457666245556474,1.10833487749008,50.3056271461914,-0.7749792416274596,98.212625,57.719827758723135,-0.5087881591119308,107.55,8731181,1788221416,2026-09-01T00:10:16Z,NYSE:DIS
28.457666245556474,1.10833487749008,50.3056271461914,-0.7749792416274596,98.212625,57.719827758723135,-0.5087881591119308,107.55,8731190,1788221601,2026-09-01T00:13:21Z,NYSE:DIS
28.457666245556474,1.10833487749008,50.3056271461914,-0.7749792416274596,98.212625,57.719827758723135,-0.5087881591119308,107.55,8731191,1788221777,2026-09-01T00:16:17Z,NYSE:DIS
28.457666245556474,1.10833487749008,50.3056271461914,-0.7749792416274596,98.212625,57.719827758723135,-0.5087881591119308,107.55,8731191,1788221957,2026-09-01T00:19:17Z,NYSE:DIS
28.457666245556474,1.10833487749008,50.3056271461914,-0.7749792416274596,98.212625,57.719827758723135,-0.5087881591119308,107.55,8731191,1788222137,2026-09-01T00:22:17Z,NYSE:DIS
28.457666245556474,1.10833487749008,50.3056271461914,-0.7749792416274596,98.212625,57.719827758723135,-0.5087881591119308,107.55,8731191,1788222319,2026-09-01T00:25:19Z,NYSE:DIS
28.457666245556474,1.10833487749008,50.3056271461914,-0.7749792416274596,98.212625,57.719827758723135,-0.5087881591119308,107.55,8731191,1788222495,2026-09-01T00:28:15Z,NYSE:DIS
28.457666245556474,1.10833487749008,50.3056271461914,-0.7749792416274596,98.212625,57.719827758723135,-0.5087881591119308,107.55,8731191,1788222678,2026-09-01T00:31:18Z,NYSE:DIS
28.457666245556474,1.10833487749008,50.3056271461914,-0.7749792416274596,98.212625,57.719827758723135,-0.5087881591119308,107.55,8731191,1788222854,2026-09-01T00:34:14Z,NYSE:DIS
28.457666245556474,1.10833487749008,50.3056271461914,-0.7749792416274596,98.212625,57.719827758723135,-0.5087881591119308,107.55,8731191,1788223038,2026-09-01T00:37:18Z,NYSE:DIS
28.457666245556474,1.10833487749008,50.3056271461914,-0.7749792416274596,98.212625,57.719827758723135,-0.5087881591119308,107.55,8731191,1788223213,2026-09-01T00:40:13Z,NYSE:DIS
28.457666245556474,1.10833487749008,50.3056271461914,-0.7749792416274596,98.212625,57.719827758723135,-0.5087881591119308,107.55,8731191,1788223400,2026-09-01T00:43:20Z,NYSE:DIS
28.457666245556474,1.10833487749008,50.3056271461914,-0.7749792416274596,98.212625,57.719827758723135,-0.5087881591119308,107.55,8731191,1788223579,2026-09-01T00:46:19Z,NYSE:DIS
28.457666245556474,1.10833487749008,50.3056271461914,-0.7749792416274596,98.212625,57.719827758723135,-0.5087881591119308,107.55,8731191,1788223759,2026-09-01T00:49:19Z,NYSE:DIS
28.457666245556474,1.10833487749008,50.3056271461914,-0.7749792416274596,98.212625,57.719827758723135,-0.5087881591119308,107.55,8731191,1788223937,2026-09-01T00:52:17Z,NYSE:DIS
28.457666245556474,1.10833487749008,50.3056271461914,-0.7749792416274596,98.212625,57.719827758723135,-0.5087881591119308,107.55,8731191,1788224115,2026-09-01T00:55:15Z,NYSE:DIS
28.457666245556474,1.10833487749008,50.3056271461914,-0.7749792416274596,98.212625,57.719827758723135,-0.5087881591119308,107.55,8731191,1788224297,2026-09-01T00:58:17Z,NYSE:DIS
28.457666245556474,1.10833487749008,50.3056271461914,-0.7749792416274596,98.212625,57.719827758723135,-0.5087881591119308,107.55,8731191,1788224477,2026-09-01T01:01:17Z,NYSE:DIS
28.457666245556474,1.10833487749008,50.3056271461914,-0.7749792416274596,98.212625,57.719827758723135,-0.5087881591119308,107.55,8731191,1788224656,2026-09-01T01:04:16Z,NYSE:DIS
28.457666245556474,1.10833487749008,50.3056271461914,-0.7749792416274596,98.212625,57.719827758723135,-0.5087881591119308,107.55,8731191,1788224839,2026-09-01T01:07:19Z,NYSE:DIS
28.457666245556474,1.10833487749008,50.3056271461914,-0.7749792416274596,98.212625,57.719827758723135,-0.5087881591119308,107.55,8731191,1788225018,2026-09-01T01:10:18Z,NYSE:DIS
28.457666245556474,1.10833487749008,50.3056271461914,-0.7749792416274596,98.212625,57.719827758723135,-0.5087881591119308,107.55,8731191,1788225194,2026-09-01T01:13:14Z,NYSE:DIS
28.457666245556474,1.10833487749008,50.3056271461914,-0.7749792416274596,98.212625,57.719827758723135,-0.5087881591119308,107.55,8731191,1788225378,2026-09-01T01:16:18Z,NYSE:DIS
28.457666245556474,1.10833487749008,50.3056271461914,-0.7749792416274596,98.212625,57.719827758723135,-0.5087881591119308,107.55,8731191,1788225558,2026-09-01T01:19:18Z,NYSE:DIS
28.457666245556474,1.10833487749008,50.3056271461914,-0.7749792416274596,98.212625,57.719827758723135,-0.5087881591119308,107.55,8731191,1788225737,2026-09-01T01:22:17Z,NYSE:DIS
28.457666245556474,1.10833487749008,50.3056271461914,-0.7749792416274596,98.212625,57.719827758723135,-0.5087881591119308,107.55,8731191,1788225915,2026-09-01T01:25:15Z,NYSE:DIS
28.457666245556474,1.10833487749008,50.3056271461914,-0.7749792416274596,98.212625,57.719827758723135,-0.5087881591119308,107.55,8731191,1788226097,2026-09-01T01:28:17Z,NYSE:DIS
28.457666245556474,1.10833487749008,50.3056271461914,-0.7749792416274596,98.212625,57.719827758723135,-0.5087881591119308,107.55,8731191,1788226278,2026-09-01T01:31:18Z,NYSE:DIS
28.457666245556474,1.10833487749008,50.3056271461914,-0.7749792416274596,98.212625,57.719827758723135,-0.5087881591119308,107.55,8731191,1788226458,2026-09-01T01:34:18Z,NYSE:DIS
28.457666245556474,1.10833487749008,50.3056271461914,-0.7749792416274596,98.212625,57.719827758723135,-0.5087881591119308,107.55,8731191,1788226641,2026-09-01T01:37:21Z,NYSE:DIS
28.457666245556474,1.10833487749008,50.3056271461914,-0.7749792416274596,98.212625,57.719827758723135,-0.5087881591119308,107.55,8731191,1788226820,2026-09-01T01:40:20Z,NYSE:DIS
28.457666245556474,1.10833487749008,50.3056271461914,-0.7749792416274596,98.212625,57.719827758723135,-0.5087881591119308,107.55,8731191,1788226998,2026-09-01T01:43:18Z,NYSE:DIS
28.457666245556474,1.10833487749008,50.3056271461914,-0.7749792416274596,98.212625,57.719827758723135,-0.5087881591119308,107.55,8731191,1788227177,2026-09-01T01:46:17Z,NYSE:DIS
28.457666245556474,1.10833487749008,50.3056271461914,-0.7749792416274596,98.212625,57.719827758723135,-0.5087881591119308,107.55,8731191,1788227355,2026-09-01T01:49:15Z,NYSE:DIS
28.457666245556474,1.10833487749008,50.3056271461914,-0.7749792416274596,98.212625,57.719827758723135,-0.5087881591119308,107.55,8731191,1788227537,2026-09-01T01:52:17Z,NYSE:DIS
28.457666245556474,1.10833487749008,50.3056271461914,-0.7749792416274596,98.212625,57.719827758723135,-0.5087881591119308,107.55,8731191,1788227719,2026-09-01T01:55:19Z,NYSE:DIS
28.457666245556474,1.10833487749008,50.3056271461914,-0.7749792416274596,98.212625,57.719827758723135,-0.5087881591119308,107.55,8731191,1788227896,2026-09-01T01:58:16Z,NYSE:DIS
28.457666245556474,1.10833487749008,50.3056271461914,-0.7749792416274596,98.212625,57.719827758723135,-0.5087881591119308,107.55,8731191,1788228080,2026-09-01T02:01:20Z,NYSE:DIS
28.457666245556474,1.10833487749008,50.3056271461914,-0.7749792416274596,98.212625,57.719827758723135,-0.5087881591119308,107.55,8731191,1788228256,2026-09-01T02:04:16Z,NYSE:DIS
28.457666245556474,1.10833487749008,50.3056271461914,-0.7749792416274596,98.212625,57.719827758723135,-0.5087881591119308,107.55,8731191,1788228438,2026-09-01T02:07:18Z,NYSE:DIS
28.457666245556474,1.10833487749008,50.3056271461914,-0.7749792416274596,98.212625,57.719827758723135,-0.5087881591119308,107.55,8731191,1788228617,2026-09-01T02:10:17Z,NYSE:DIS
28.457666245556474,1.10833487749008,50.3056271461914,-0.7749792416274596,98.212625,57.719827758723135,-0.5087881591119308,107.55,8731191,1788228797,2026-09-01T02:13:17Z,NYSE:DIS
28.457666245556474,1.10833487749008,50.3056271461914,-0.7749792416274596,98.212625,57.719827758723135,-0.5087881591119308,107.55,8731191,1788228980,2026-09-01T02:16:20Z,NYSE:DIS
28.457666245556474,1.10833487749008,50.3056271461914,-0.7749792416274596,98.212625,57.719827758723135,-0.5087881591119308,107.55,8731191,1788229156,2026-09-01T02:19:16Z,NYSE:DIS
28.457666245556474,1.10833487749008,50.3056271461914,-0.7749792416274596,98.212625,57.719827758723135,-0.5087881591119308,107.55,8731191,1788229338,2026-09-01T02:22:18Z,NYSE:DIS
28.457666245556474,1.10833487749008,50.3056271461914,-0.7749792416274596,98.212625,57.719827758723135,-0.5087881591119308,107.55,8731191,1788229528,2026-09-01T02:25:28Z,NYSE:DIS
28.457666245556474,1.10833487749008,50.3056271461914,-0.7749792416274596,98.212625,57.719827758723135,-0.5087881591119308,107.55,8731191,1788229701,2026-09-01T02:28:21Z,NYSE:DIS
28.457666245556474,1.10833487749008,50.3056271461914,-0.7749792416274596,98.212625,57.719827758723135,-0.5087881591119308,107.55,8731191,1788229879,2026-09-01T02:31:19Z,NYSE:DIS
28.457666245556474,1.10833487749008,50.3056271461914,-0.7749792416274596,98.212625,57.719827758723135,-0.5087881591119308,107.55,8731191,1788230061,2026-09-01T02:34:21Z,NYSE:DIS
28.457666245556474,1.10833487749008,50.3056271461914,-0.7749792416274596,98.212625,57.719827758723135,-0.5087881591119308,107.55,8731191,1788230237,2026-09-01T02:37:17Z,NYSE:DIS
28.457666245556474,1.10833487749008,50.3056271461914,-0.7749792416274596,98.212625,57.719827758723135,-0.5087881591119308,107.55,8731191,1788230418,2026-09-01T02:40:18Z,NYSE:DIS
28.457666245556474,1.10833487749008,50.3056271461914,-0.7749792416274596,98.212625,57.719827758723135,-0.5087881591119308,107.55,8731191,1788230600,2026-09-01T02:43:20Z,NYSE:DIS
28.457666245556474,1.10833487749008,50.3056271461914,-0.7749792416274596,98.212625,57.719827758723135,-0.5087881591119308,107.55,8731191,1788230779,2026-09-01T02:46:19Z,NYSE:DIS
28.457666245556474,1.10833487749008,50.3056271461914,-0.7749792416274596,98.212625,57.719827758723135,-0.5087881591119308,107.55,8731191,1788230957,2026-09-01T02:49:17Z,NYSE:DIS
28.457666245556474,1.10833487749008,50.3056271461914,-0.7749792416274596,98.212625,57.719827758723135,-0.5087881591119308,107.55,8731191,1788231137,2026-09-01T02:52:17Z,NYSE:DIS
28.457666245556474,1.10833487749008,50.3056271461914,-0.7749792416274596,98.212625,57.719827758723135,-0.5087881591119308,107.55,8731191,1788231325,2026-09-01T02:55:25Z,NYSE:DIS
28.457666245556474,1.10833487749008,50.3056271461914,-0.7749792416274596,98.212625,57.719827758723135,-0.5087881591119308,107.55,8731191,1788231501,2026-09-01T02:58:21Z,NYSE:DIS
28.457666245556474,1.10833487749008,50.3056271461914,-0.7749792416274596,98.212625,57.719827758723135,-0.5087881591119308,107.55,8731191,1788231679,2026-09-01T03:01:19Z,NYSE:DIS
28.457666245556474,1.10833487749008,50.3056271461914,-0.7749792416274596,98.212625,57.719827758723135,-0.5087881591119308,107.55,8731191,1788231858,2026-09-01T03:04:18Z,NYSE:DIS
28.457666245556474,1.10833487749008,50.3056271461914,-0.7749792416274596,98.212625,57.719827758723135,-0.5087881591119308,107.55,8731191,1788232037,2026-09-01T03:07:17Z,NYSE:DIS
28.457666245556474,1.10833487749008,50.3056271461914,-0.7749792416274596,98.212625,57.719827758723135,-0.5087881591119308,107.55,8731191,1788232219,2026-09-01T03:10:19Z,NYSE:DIS
28.457666245556474,1.10833487749008,50.3056271461914,-0.7749792416274596,98.212625,57.719827758723135,-0.5087881591119308,107.55,8731191,1788232397,2026-09-01T03:13:17Z,NYSE:DIS
28.457666245556474,1.10833487749008,50.3056271461914,-0.7749792416274596,98.212625,57.719827758723135,-0.5087881591119308,107.55,8731191,1788232579,2026-09-01T03:16:19Z,NYSE:DIS
28.457666245556474,1.10833487749008,50.3056271461914,-0.7749792416274596,98.212625,57.719827758723135,-0.5087881591119308,107.55,8731191,1788232759,2026-09-01T03:19:19Z,NYSE:DIS
28.457666245556474,1.10833487749008,50.3056271461914,-0.7749792416274596,98.212625,57.719827758723135,-0.5087881591119308,107.55,8731191,1788232937,2026-09-01T03:22:17Z,NYSE:DIS
28.457666245556474,1.10833487749008,50.3056271461914,-0.7749792416274596,98.212625,57.719827758723135,-0.5087881591119308,107.55,8731191,1788233121,2026-09-01T03:25:21Z,NYSE:DIS
28.457666245556474,1.10833487749008,50.3056271461914,-0.7749792416274596,98.212625,57.719827758723135,-0.5087881591119308,107.55,8731191,1788233297,2026-09-01T03:28:17Z,NYSE:DIS
28.457666245556474,1.10833487749008,50.3056271461914,-0.7749792416274596,98.212625,57.719827758723135,-0.5087881591119308,107.55,8731191,1788233477,2026-09-01T03:31:17Z,NYSE:DIS
28.457666245556474,1.10833487749008,50.3056271461914,-0.7749792416274596,98.212625,57.719827758723135,-0.5087881591119308,107.55,8731191,1788233654,2026-09-01T03:34:14Z,NYSE:DIS
28.457666245556474,1.10833487749008,50.3056271461914,-0.7749792416274596,98.212625,57.719827758723135,-0.5087881591119308,107.55,8731191,1788233838,2026-09-01T03:37:18Z,NYSE:DIS
28.457666245556474,1.10833487749008,50.3056271461914,-0.7749792416274596,98.212625,57.719827758723135,-0.5087881591119308,107.55,8731191,1788234019,2026-09-01T03:40:19Z,NYSE:DIS
28.457666245556474,1.10833487749008,50.3056271461914,-0.7749792416274596,98.212625,57.719827758723135,-0.5087881591119308,107.55,8731191,1788234202,2026-09-01T03:43:22Z,NYSE:DIS
28.457666245556474,1.10833487749008,50.3056271461914,-0.7749792416274596,98.212625,57.719827758723135,-0.5087881591119308,107.55,8731191,1788234380,2026-09-01T03:46:20Z,NYSE:DIS
28.457666245556474,1.10833487749008,50.3056271461914,-0.7749792416274596,98.212625,57.719827758723135,-0.5087881591119308,107.55,8731191,1788234560,2026-09-01T03:49:20Z,NYSE:DIS
28.457666245556474,1.10833487749008,50.3056271461914,-0.7749792416274596,98.212625,57.719827758723135,-0.5087881591119308,107.55,8731191,1788234740,2026-09-01T03:52:20Z,NYSE:DIS
28.457666245556474,1.10833487749008,50.3056271461914,-0.7749792416274596,98.212625,57.719827758723135,-0.5087881591119308,107.55,8731191,1788234921,2026-09-01T03:55:21Z,NYSE:DIS
28.457666245556474,1.10833487749008,50.3056271461914,-0.7749792416274596,98.212625,57.719827758723135,-0.5087881591119308,107.55,8731191,1788235104,2026-09-01T03:58:24Z,NYSE:DIS
28.457666245556474,1.10833487749008,50.3056271461914,-0.7749792416274596,98.212625,57.719827758723135,-0.5087881591119308,107.55,8731191,1788235276,2026-09-01T04:01:16Z,NYSE:DIS
28.457666245556474,1.10833487749008,50.3056271461914,-0.7749792416274596,98.212625,57.719827758723135,-0.5087881591119308,107.55,8731191,1788235460,2026-09-01T04:04:20Z,NYSE:DIS
28.457666245556474,1.10833487749008,50.3056271461914,-0.7749792416274596,98.212625,57.719827758723135,-0.5087881591119308,107.55,8731191,1788235639,2026-09-01T04:07:19Z,NYSE:DIS
28.457666245556474,1.10833487749008,50.3056271461914,-0.7749792416274596,98.212625,57.719827758723135,-0.5087881591119308,107.55,8731191,1788235823,2026-09-01T04:10:23Z,NYSE:DIS
28.457666245556474,1.10833487749008,50.3056271461914,-0.7749792416274596,98.212625,57.719827758723135,-0.5087881591119308,107.55,8731191,1788236001,2026-09-01T04:13:21Z,NYSE:DIS
28.457666245556474,1.10833487749008,50.3056271461914,-0.7749792416274596,98.212625,57.719827758723135,-0.5087881591119308,107.55,8731191,1788236180,2026-09-01T04:16:20Z,NYSE:DIS
28.457666245556474,1.10833487749008,50.3056271461914,-0.7749792416274596,98.212625,57.719827758723135,-0.5087881591119308,107.55,8731191,1788236362,2026-09-01T04:19:22Z,NYSE:DIS
28.457666245556474,1.10833487749008,50.3056271461914,-0.7749792416274596,98.212625,57.719827758723135,-0.5087881591119308,107.55,8731191,1788236545,2026-09-01T04:22:25Z,NYSE:DIS
28.457666245556474,1.10833487749008,50.3056271461914,-0.7749792416274596,98.212625,57.719827758723135,-0.5087881591119308,107.55,8731191,1788236721,2026-09-01T04:25:21Z,NYSE:DIS
28.457666245556474,1.10833487749008,50.3056271461914,-0.7749792416274596,98.212625,57.719827758723135,-0.5087881591119308,107.55,8731191,1788236905,2026-09-01T04:28:25Z,NYSE:DIS
28.457666245556474,1.10833487749008,50.3056271461914,-0.7749792416274596,98.212625,57.719827758723135,-0.5087881591119308,107.55,8731191,1788237081,2026-09-01T04:31:21Z,NYSE:DIS
28.457666245556474,1.10833487749008,50.3056271461914,-0.7749792416274596,98.212625,57.719827758723135,-0.5087881591119308,107.55,8731191,1788237263,2026-09-01T04:34:23Z,NYSE:DIS
28.457666245556474,1.10833487749008,50.3056271461914,-0.7749792416274596,98.212625,57.719827758723135,-0.5087881591119308,107.55,8731191,1788237441,2026-09-01T04:37:21Z,NYSE:DIS
28.457666245556474,1.10833487749008,50.3056271461914,-0.7749792416274596,98.212625,57.719827758723135,-0.5087881591119308,107.55,8731191,1788237623,2026-09-01T04:40:23Z,NYSE:DIS
28.457666245556474,1.10833487749008,50.3056271461914,-0.7749792416274596,98.212625,57.719827758723135,-0.5087881591119308,107.55,8731191,1788237799,2026-09-01T04:43:19Z,NYSE:DIS
28.457666245556474,1.10833487749008,50.3056271461914,-0.7749792416274596,98.212625,57.719827758723135,-0.5087881591119308,107.55,8731191,1788237981,2026-09-01T04:46:21Z,NYSE:DIS
28.457666245556474,1.10833487749008,50.3056271461914,-0.7749792416274596,98.212625,57.719827758723135,-0.5087881591119308,107.55,8731191,1788238161,2026-09-01T04:49:21Z,NYSE:DIS
28.457666245556474,1.10833487749008,50.3056271461914,-0.7749792416274596,98.212625,57.719827758723135,-0.5087881591119308,107.55,8731191,1788238346,2026-09-01T04:52:26Z,NYSE:DIS
28.457666245556474,1.10833487749008,50.3056271461914,-0.7749792416274596,98.212625,57.719827758723135,-0.5087881591119308,107.55,8731191,1788238523,2026-09-01T04:55:23Z,NYSE:DIS
28.457666245556474,1.10833487749008,50.3056271461914,-0.7749792416274596,98.212625,57.719827758723135,-0.5087881591119308,107.55,8731191,1788238704,2026-09-01T04:58:24Z,NYSE:DIS
28.457666245556474,1.10833487749008,50.3056271461914,-0.7749792416274596,98.212625,57.719827758723135,-0.5087881591119308,107.55,8731191,1788238881,2026-09-01T05:01:21Z,NYSE:DIS
28.457666245556474,1.10833487749008,50.3056271461914,-0.7749792416274596,98.212625,57.719827758723135,-0.5087881591119308,107.55,8731191,1788239144,2026-09-01T05:05:44Z,NYSE:DIS
28.457666245556474,1.10833487749008,50.3056271461914,-0.7749792416274596,98.212625,57.719827758723135,-0.5087881591119308,107.55,8731191,1788239425,2026-09-01T05:10:25Z,NYSE:DIS
28.457666245556474,1.10833487749008,50.3056271461914,-0.7749792416274596,98.212625,57.719827758723135,-0.5087881591119308,107.55,8731191,1788239601,2026-09-01T05:13:21Z,NYSE:DIS
28.457666245556474,1.10833487749008,50.3056271461914,-0.7749792416274596,98.212625,57.719827758723135,-0.5087881591119308,107.55,8731191,1788239784,2026-09-01T05:16:24Z,NYSE:DIS
28.457666245556474,1.10833487749008,50.3056271461914,-0.7749792416274596,98.212625,57.719827758723135,-0.5087881591119308,107.55,8731191,1788239961,2026-09-01T05:19:21Z,NYSE:DIS
28.457666245556474,1.10833487749008,50.3056271461914,-0.7749792416274596,98.212625,57.719827758723135,-0.5087881591119308,107.55,8731191,1788240144,2026-09-01T05:22:24Z,NYSE:DIS
28.457666245556474,1.10833487749008,50.3056271461914,-0.7749792416274596,98.212625,57.719827758723135,-0.5087881591119308,107.55,8731191,1788240321,2026-09-01T05:25:21Z,NYSE:DIS
28.457666245556474,1.10833487749008,50.3056271461914,-0.7749792416274596,98.212625,57.719827758723135,-0.5087881591119308,107.55,8731191,1788240503,2026-09-01T05:28:23Z,NYSE:DIS
28.457666245556474,1.10833487749008,50.3056271461914,-0.7749792416274596,98.212625,57.719827758723135,-0.5087881591119308,107.55,8731191,1788240678,2026-09-01T05:31:18Z,NYSE:DIS
28.457666245556474,1.10833487749008,50.3056271461914,-0.7749792416274596,98.212625,57.719827758723135,-0.5087881591119308,107.55,8731191,1788240858,2026-09-01T05:34:18Z,NYSE:DIS
28.457666245556474,1.10833487749008,50.3056271461914,-0.7749792416274596,98.212625,57.719827758723135,-0.5087881591119308,107.55,8731191,1788241044,2026-09-01T05:37:24Z,NYSE:DIS
28.457666245556474,1.10833487749008,50.3056271461914,-0.7749792416274596,98.212625,57.719827758723135,-0.5087881591119308,107.55,8731191,1788241218,2026-09-01T05:40:18Z,NYSE:DIS
28.457666245556474,1.10833487749008,50.3056271461914,-0.7749792416274596,98.212625,57.719827758723135,-0.5087881591119308,107.55,8731191,1788241401,2026-09-01T05:43:21Z,NYSE:DIS
28.457666245556474,1.10833487749008,50.3056271461914,-0.7749792416274596,98.212625,57.719827758723135,-0.5087881591119308,107.55,8731191,1788241577,2026-09-01T05:46:17Z,NYSE:DIS
28.457666245556474,1.10833487749008,50.3056271461914,-0.7749792416274596,98.212625,57.719827758723135,-0.5087881591119308,107.55,8731191,1788241760,2026-09-01T05:49:20Z,NYSE:DIS
28.457666245556474,1.10833487749008,50.3056271461914,-0.7749792416274596,98.212625,57.719827758723135,-0.5087881591119308,107.55,8731191,1788241946,2026-09-01T05:52:26Z,NYSE:DIS
28.457666245556474,1.10833487749008,50.3056271461914,-0.7749792416274596,98.212625,57.719827758723135,-0.5087881591119308,107.55,8731191,1788242122,2026-09-01T05:55:22Z,NYSE:DIS
28.457666245556474,1.10833487749008,50.3056271461914,-0.7749792416274596,98.212625,57.719827758723135,-0.5087881591119308,107.55,8731191,1788242301,2026-09-01T05:58:21Z,NYSE:DIS
28.457666245556474,1.10833487749008,50.3056271461914,-0.7749792416274596,98.212625,57.719827758723135,-0.5087881591119308,107.55,8731191,1788242480,2026-09-01T06:01:20Z,NYSE:DIS
28.457666245556474,1.10833487749008,50.3056271461914,-0.7749792416274596,98.212625,57.719827758723135,-0.5087881591119308,107.55,8731191,1788242662,2026-09-01T06:04:22Z,NYSE:DIS
28.457666245556474,1.10833487749008,50.3056271461914,-0.7749792416274596,98.212625,57.719827758723135,-0.5087881591119308,107.55,8731191,1788242841,2026-09-01T06:07:21Z,NYSE:DIS
28.457666245556474,1.10833487749008,50.3056271461914,-0.7749792416274596,98.212625,57.719827758723135,-0.5087881591119308,107.55,8731191,1788243021,2026-09-01T06:10:21Z,NYSE:DIS
28.457666245556474,1.10833487749008,50.3056271461914,-0.7749792416274596,98.212625,57.719827758723135,-0.5087881591119308,107.55,8731191,1788243198,2026-09-01T06:13:18Z,NYSE:DIS
28.457666245556474,1.10833487749008,50.3056271461914,-0.7749792416274596,98.212625,57.719827758723135,-0.5087881591119308,107.55,8731191,1788243379,2026-09-01T06:16:19Z,NYSE:DIS
28.457666245556474,1.10833487749008,50.3056271461914,-0.7749792416274596,98.212625,57.719827758723135,-0.5087881591119308,107.55,8731191,1788243563,2026-09-01T06:19:23Z,NYSE:DIS
28.457666245556474,1.10833487749008,50.3056271461914,-0.7749792416274596,98.212625,57.719827758723135,-0.5087881591119308,107.55,8731191,1788243740,2026-09-01T06:22:20Z,NYSE:DIS
28.457666245556474,1.10833487749008,50.3056271461914,-0.7749792416274596,98.212625,57.719827758723135,-0.5087881591119308,107.55,8731191,1788243919,2026-09-01T06:25:19Z,NYSE:DIS
28.457666245556474,1.10833487749008,50.3056271461914,-0.7749792416274596,98.212625,57.719827758723135,-0.5087881591119308,107.55,8731191,1788244100,2026-09-01T06:28:20Z,NYSE:DIS
28.457666245556474,1.10833487749008,50.3056271461914,-0.7749792416274596,98.212625,57.719827758723135,-0.5087881591119308,107.55,8731191,1788244280,2026-09-01T06:31:20Z,NYSE:DIS
28.457666245556474,1.10833487749008,50.3056271461914,-0.7749792416274596,98.212625,57.719827758723135,-0.5087881591119308,107.55,8731191,1788244460,2026-09-01T06:34:20Z,NYSE:DIS
28.457666245556474,1.10833487749008,50.3056271461914,-0.7749792416274596,98.212625,57.719827758723135,-0.5087881591119308,107.55,8731191,1788244641,2026-09-01T06:37:21Z,NYSE:DIS
28.457666245556474,1.10833487749008,50.3056271461914,-0.7749792416274596,98.212625,57.719827758723135,-0.5087881591119308,107.55,8731191,1788244825,2026-09-01T06:40:25Z,NYSE:DIS
28.457666245556474,1.10833487749008,50.3056271461914,-0.7749792416274596,98.212625,57.719827758723135,-0.5087881591119308,107.55,8731191,1788245001,2026-09-01T06:43:21Z,NYSE:DIS
28.457666245556474,1.10833487749008,50.3056271461914,-0.7749792416274596,98.212625,57.719827758723135,-0.5087881591119308,107.55,8731191,1788245178,2026-09-01T06:46:18Z,NYSE:DIS
28.457666245556474,1.10833487749008,50.3056271461914,-0.7749792416274596,98.212625,57.719827758723135,-0.5087881591119308,107.55,8731191,1788245360,2026-09-01T06:49:20Z,NYSE:DIS
28.457666245556474,1.10833487749008,50.3056271461914,-0.7749792416274596,98.212625,57.719827758723135,-0.5087881591119308,107.55,8731191,1788245540,2026-09-01T06:52:20Z,NYSE:DIS
28.457666245556474,1.10833487749008,50.3056271461914,-0.7749792416274596,98.212625,57.719827758723135,-0.5087881591119308,107.55,8731191,1788245721,2026-09-01T06:55:21Z,NYSE:DIS
28.457666245556474,1.10833487749008,50.3056271461914,-0.7749792416274596,98.212625,57.719827758723135,-0.5087881591119308,107.55,8731191,1788245898,2026-09-01T06:58:18Z,NYSE:DIS
28.457666245556474,1.10833487749008,50.3056271461914,-0.7749792416274596,98.212625,57.719827758723135,-0.5087881591119308,107.55,8731191,1788246083,2026-09-01T07:01:23Z,NYSE:DIS
28.457666245556474,1.10833487749008,50.3056271461914,-0.7749792416274596,98.212625,57.719827758723135,-0.5087881591119308,107.55,8731191,1788246260,2026-09-01T07:04:20Z,NYSE:DIS
28.457666245556474,1.10833487749008,50.3056271461914,-0.7749792416274596,98.212625,57.719827758723135,-0.5087881591119308,107.55,8731191,1788246439,2026-09-01T07:07:19Z,NYSE:DIS
28.457666245556474,1.10833487749008,50.3056271461914,-0.7749792416274596,98.212625,57.719827758723135,-0.5087881591119308,107.55,8731191,1788246620,2026-09-01T07:10:20Z,NYSE:DIS
28.457666245556474,1.10833487749008,50.3056271461914,-0.7749792416274596,98.212625,57.719827758723135,-0.5087881591119308,107.55,8731191,1788246799,2026-09-01T07:13:19Z,NYSE:DIS
28.457666245556474,1.10833487749008,50.3056271461914,-0.7749792416274596,98.212625,57.719827758723135,-0.5087881591119308,107.55,8731191,1788246974,2026-09-01T07:16:14Z,NYSE:DIS
28.457666245556474,1.10833487749008,50.3056271461914,-0.7749792416274596,98.212625,57.719827758723135,-0.5087881591119308,107.55,8731191,1788247162,2026-09-01T07:19:22Z,NYSE:DIS
28.457666245556474,1.10833487749008,50.3056271461914,-0.7749792416274596,98.212625,57.719827758723135,-0.5087881591119308,107.55,8731191,1788247336,2026-09-01T07:22:16Z,NYSE:DIS
28.457666245556474,1.10833487749008,50.3056271461914,-0.7749792416274596,98.212625,57.719827758723135,-0.5087881591119308,107.55,8731191,1788247519,2026-09-01T07:25:19Z,NYSE:DIS
28.457666245556474,1.10833487749008,50.3056271461914,-0.7749792416274596,98.212625,57.719827758723135,-0.5087881591119308,107.55,8731191,1788247705,2026-09-01T07:28:25Z,NYSE:DIS
28.457666245556474,1.10833487749008,50.3056271461914,-0.7749792416274596,98.212625,57.719827758723135,-0.5087881591119308,107.55,8731191,1788247880,2026-09-01T07:31:20Z,NYSE:DIS
28.457666245556474,1.10833487749008,50.3056271461914,-0.7749792416274596,98.212625,57.719827758723135,-0.5087881591119308,107.55,8731191,1788248063,2026-09-01T07:34:23Z,NYSE:DIS
28.457666245556474,1.10833487749008,50.3056271461914,-0.7749792416274596,98.212625,57.719827758723135,-0.5087881591119308,107.55,8731191,1788248239,2026-09-01T07:37:19Z,NYSE:DIS
28.457666245556474,1.10833487749008,50.3056271461914,-0.7749792416274596,98.212625,57.719827758723135,-0.5087881591119308,107.55,8731191,1788248421,2026-09-01T07:40:21Z,NYSE:DIS
28.457666245556474,1.10833487749008,50.3056271461914,-0.7749792416274596,98.212625,57.719827758723135,-0.5087881591119308,107.55,8731191,1788248595,2026-09-01T07:43:15Z,NYSE:DIS
28.457666245556474,1.10833487749008,50.3056271461914,-0.7749792416274596,98.212625,57.719827758723135,-0.5087881591119308,107.55,8731191,1788248781,2026-09-01T07:46:21Z,NYSE:DIS
28.457666245556474,1.10833487749008,50.3056271461914,-0.7749792416274596,98.212625,57.719827758723135,-0.5087881591119308,107.55,8731191,1788248958,2026-09-01T07:49:18Z,NYSE:DIS
28.457666245556474,1.10833487749008,50.3056271461914,-0.7749792416274596,98.212625,57.719827758723135,-0.5087881591119308,107.55,8731191,1788249139,2026-09-01T07:52:19Z,NYSE:DIS
28.457666245556474,1.10833487749008,50.3056271461914,-0.7749792416274596,98.212625,57.719827758723135,-0.5087881591119308,107.55,8731191,1788249321,2026-09-01T07:55:21Z,NYSE:DIS
28.457666245556474,1.10833487749008,50.3056271461914,-0.7749792416274596,98.212625,57.719827758723135,-0.5087881591119308,107.55,8731191,1788249499,2026-09-01T07:58:19Z,NYSE:DIS
28.457666245556474,1.10833487749008,50.3056271461914,-0.7749792416274596,98.212625,57.719827758723135,-0.5087881591119308,107.55,8731191,1788249682,2026-09-01T08:01:22Z,NYSE:DIS
28.457666245556474,1.10833487749008,50.3056271461914,-0.7749792416274596,98.212625,57.719827758723135,-0.5087881591119308,107.55,8731191,1788249858,2026-09-01T08:04:18Z,NYSE:DIS
28.457666245556474,1.10833487749008,50.3056271461914,-0.7749792416274596,98.212625,57.719827758723135,-0.5087881591119308,107.55,8731191,1788250044,2026-09-01T08:07:24Z,NYSE:DIS
28.457666245556474,1.10833487749008,50.3056271461914,-0.7749792416274596,98.212625,57.719827758723135,-0.5087881591119308,107.55,8731191,1788250221,2026-09-01T08:10:21Z,NYSE:DIS
28.457666245556474,1.10833487749008,50.3056271461914,-0.7749792416274596,98.212625,57.719827758723135,-0.5087881591119308,107.55,8731191,1788250396,2026-09-01T08:13:16Z,NYSE:DIS
28.457666245556474,1.10833487749008,50.3056271461914,-0.7749792416274596,98.212625,57.719827758723135,-0.5087881591119308,107.55,8731191,1788250580,2026-09-01T08:16:20Z,NYSE:DIS
28.457666245556474,1.10833487749008,50.3056271461914,-0.7749792416274596,98.212625,57.719827758723135,-0.5087881591119308,107.55,8731191,1788250763,2026-09-01T08:19:23Z,NYSE:DIS
28.457666245556474,1.10833487749008,50.3056271461914,-0.7749792416274596,98.212625,57.719827758723135,-0.5087881591119308,107.55,8731191,1788250937,2026-09-01T08:22:17Z,NYSE:DIS
28.457666245556474,1.10833487749008,50.3056271461914,-0.7749792416274596,98.212625,57.719827758723135,-0.5087881591119308,107.55,8731191,1788251121,2026-09-01T08:25:21Z,NYSE:DIS
28.457666245556474,1.10833487749008,50.3056271461914,-0.7749792416274596,98.212625,57.719827758723135,-0.5087881591119308,107.55,8731191,1788251297,2026-09-01T08:28:17Z,NYSE:DIS
28.457666245556474,1.10833487749008,50.3056271461914,-0.7749792416274596,98.212625,57.719827758723135,-0.5087881591119308,107.55,8731191,1788251481,2026-09-01T08:31:21Z,NYSE:DIS
28.457666245556474,1.10833487749008,50.3056271461914,-0.7749792416274596,98.212625,57.719827758723135,-0.5087881591119308,107.55,8731191,1788251659,2026-09-01T08:34:19Z,NYSE:DIS
28.457666245556474,1.10833487749008,50.3056271461914,-0.7749792416274596,98.212625,57.719827758723135,-0.5087881591119308,107.55,8731191,1788251846,2026-09-01T08:37:26Z,NYSE:DIS
28.457666245556474,1.10833487749008,50.3056271461914,-0.7749792416274596,98.212625,57.719827758723135,-0.5087881591119308,107.55,8731191,1788252018,2026-09-01T08:40:18Z,NYSE:DIS
28.457666245556474,1.10833487749008,50.3056271461914,-0.7749792416274596,98.212625,57.719827758723135,-0.5087881591119308,107.55,8731191,1788252202,2026-09-01T08:43:22Z,NYSE:DIS
28.457666245556474,1.10833487749008,50.3056271461914,-0.7749792416274596,98.212625,57.719827758723135,-0.5087881591119308,107.55,8731191,1788252377,2026-09-01T08:46:17Z,NYSE:DIS
28.457666245556474,1.10833487749008,50.3056271461914,-0.7749792416274596,98.212625,57.719827758723135,-0.5087881591119308,107.55,8731191,1788252557,2026-09-01T08:49:17Z,NYSE:DIS
28.457666245556474,1.10833487749008,50.3056271461914,-0.7749792416274596,98.212625,57.719827758723135,-0.5087881591119308,107.55,8731191,1788252743,2026-09-01T08:52:23Z,NYSE:DIS
28.457666245556474,1.10833487749008,50.3056271461914,-0.7749792416274596,98.212625,57.719827758723135,-0.5087881591119308,107.55,8731191,1788252918,2026-09-01T08:55:18Z,NYSE:DIS
28.457666245556474,1.10833487749008,50.3056271461914,-0.7749792416274596,98.212625,57.719827758723135,-0.5087881591119308,107.55,8731191,1788253101,2026-09-01T08:58:21Z,NYSE:DIS
28.457666245556474,1.10833487749008,50.3056271461914,-0.7749792416274596,98.212625,57.719827758723135,-0.5087881591119308,107.55,8731191,1788253283,2026-09-01T09:01:23Z,NYSE:DIS
28.457666245556474,1.10833487749008,50.3056271461914,-0.7749792416274596,98.212625,57.719827758723135,-0.5087881591119308,107.55,8731191,1788253459,2026-09-01T09:04:19Z,NYSE:DIS
28.457666245556474,1.10833487749008,50.3056271461914,-0.7749792416274596,98.212625,57.719827758723135,-0.5087881591119308,107.55,8731191,1788253641,2026-09-01T09:07:21Z,NYSE:DIS
28.457666245556474,1.10833487749008,50.3056271461914,-0.7749792416274596,98.212625,57.719827758723135,-0.5087881591119308,107.55,8731191,1788253820,2026-09-01T09:10:20Z,NYSE:DIS
28.457666245556474,1.10833487749008,50.3056271461914,-0.7749792416274596,98.212625,57.719827758723135,-0.5087881591119308,107.55,8731191,1788253996,2026-09-01T09:13:16Z,NYSE:DIS
28.457666245556474,1.10833487749008,50.3056271461914,-0.7749792416274596,98.212625,57.719827758723135,-0.5087881591119308,107.55,8731191,1788254181,2026-09-01T09:16:21Z,NYSE:DIS
28.457666245556474,1.10833487749008,50.3056271461914,-0.7749792416274596,98.212625,57.719827758723135,-0.5087881591119308,107.55,8731191,1788254360,2026-09-01T09:19:20Z,NYSE:DIS
28.457666245556474,1.10833487749008,50.3056271461914,-0.7749792416274596,98.212625,57.719827758723135,-0.5087881591119308,107.55,8731191,1788254539,2026-09-01T09:22:19Z,NYSE:DIS
28.457666245556474,1.10833487749008,50.3056271461914,-0.7749792416274596,98.212625,57.719827758723135,-0.5087881591119308,107.55,8731191,1788254718,2026-09-01T09:25:18Z,NYSE:DIS
28.457666245556474,1.10833487749008,50.3056271461914,-0.7749792416274596,98.212625,57.719827758723135,-0.5087881591119308,107.55,8731191,1788254898,2026-09-01T09:28:18Z,NYSE:DIS
28.457666245556474,1.10833487749008,50.3056271461914,-0.7749792416274596,98.212625,57.719827758723135,-0.5087881591119308,107.55,8731191,1788255082,2026-09-01T09:31:22Z,NYSE:DIS
28.457666245556474,1.10833487749008,50.3056271461914,-0.7749792416274596,98.212625,57.719827758723135,-0.5087881591119308,107.55,8731191,1788255258,2026-09-01T09:34:18Z,NYSE:DIS
28.457666245556474,1.10833487749008,50.3056271461914,-0.7749792416274596,98.212625,57.719827758723135,-0.5087881591119308,107.55,8731191,1788255445,2026-09-01T09:37:25Z,NYSE:DIS
28.457666245556474,1.10833487749008,50.3056271461914,-0.7749792416274596,98.212625,57.719827758723135,-0.5087881591119308,107.55,8731191,1788255614,2026-09-01T09:40:14Z,NYSE:DIS
28.457666245556474,1.10833487749008,50.3056271461914,-0.7749792416274596,98.212625,57.719827758723135,-0.5087881591119308,107.55,8731191,1788255803,2026-09-01T09:43:23Z,NYSE:DIS
28.457666245556474,1.10833487749008,50.3056271461914,-0.7749792416274596,98.212625,57.719827758723135,-0.5087881591119308,107.55,8731191,1788255976,2026-09-01T09:46:16Z,NYSE:DIS
28.457666245556474,1.10833487749008,50.3056271461914,-0.7749792416274596,98.212625,57.719827758723135,-0.5087881591119308,107.55,8731191,1788256161,2026-09-01T09:49:21Z,NYSE:DIS
28.457666245556474,1.10833487749008,50.3056271461914,-0.7749792416274596,98.212625,57.719827758723135,-0.5087881591119308,107.55,8731191,1788256345,2026-09-01T09:52:25Z,NYSE:DIS
28.457666245556474,1.10833487749008,50.3056271461914,-0.7749792416274596,98.212625,57.719827758723135,-0.5087881591119308,107.55,8731191,1788256519,2026-09-01T09:55:19Z,NYSE:DIS
28.457666245556474,1.10833487749008,50.3056271461914,-0.7749792416274596,98.212625,57.719827758723135,-0.5087881591119308,107.55,8731191,1788256700,2026-09-01T09:58:20Z,NYSE:DIS
28.457666245556474,1.10833487749008,50.3056271461914,-0.7749792416274596,98.212625,57.719827758723135,-0.5087881591119308,107.55,8731191,1788256881,2026-09-01T10:01:21Z,NYSE:DIS
28.457666245556474,1.10833487749008,50.3056271461914,-0.7749792416274596,98.212625,57.719827758723135,-0.5087881591119308,107.55,8731191,1788257061,2026-09-01T10:04:21Z,NYSE:DIS
28.457666245556474,1.10833487749008,50.3056271461914,-0.7749792416274596,98.212625,57.719827758723135,-0.5087881591119308,107.55,8731191,1788257243,2026-09-01T10:07:23Z,NYSE:DIS
28.457666245556474,1.10833487749008,50.3056271461914,-0.7749792416274596,98.212625,57.719827758723135,-0.5087881591119308,107.55,8731191,1788257417,2026-09-01T10:10:17Z,NYSE:DIS
28.457666245556474,1.10833487749008,50.3056271461914,-0.7749792416274596,98.212625,57.719827758723135,-0.5087881591119308,107.55,8731191,1788257600,2026-09-01T10:13:20Z,NYSE:DIS
28.457666245556474,1.10833487749008,50.3056271461914,-0.7749792416274596,98.212625,57.719827758723135,-0.5087881591119308,107.55,8731191,1788257781,2026-09-01T10:16:21Z,NYSE:DIS
28.457666245556474,1.10833487749008,50.3056271461914,-0.7749792416274596,98.212625,57.719827758723135,-0.5087881591119308,107.55,8731191,1788257957,2026-09-01T10:19:17Z,NYSE:DIS
28.457666245556474,1.10833487749008,50.3056271461914,-0.7749792416274596,98.212625,57.719827758723135,-0.5087881591119308,107.55,8731191,1788258143,2026-09-01T10:22:23Z,NYSE:DIS
28.457666245556474,1.10833487749008,50.3056271461914,-0.7749792416274596,98.212625,57.719827758723135,-0.5087881591119308,107.55,8731191,1788258319,2026-09-01T10:25:19Z,NYSE:DIS
28.457666245556474,1.10833487749008,50.3056271461914,-0.7749792416274596,98.212625,57.719827758723135,-0.5087881591119308,107.55,8731191,1788258498,2026-09-01T10:28:18Z,NYSE:DIS
28.457666245556474,1.10833487749008,50.3056271461914,-0.7749792416274596,98.212625,57.719827758723135,-0.5087881591119308,107.55,8731191,1788258683,2026-09-01T10:31:23Z,NYSE:DIS
28.457666245556474,1.10833487749008,50.3056271461914,-0.7749792416274596,98.212625,57.719827758723135,-0.5087881591119308,107.55,8731191,1788258859,2026-09-01T10:34:19Z,NYSE:DIS
28.457666245556474,1.10833487749008,50.3056271461914,-0.7749792416274596,98.212625,57.719827758723135,-0.5087881591119308,107.55,8731191,1788259042,2026-09-01T10:37:22Z,NYSE:DIS
28.457666245556474,1.10833487749008,50.3056271461914,-0.7749792416274596,98.212625,57.719827758723135,-0.5087881591119308,107.55,8731191,1788259228,2026-09-01T10:40:28Z,NYSE:DIS
28.457666245556474,1.10833487749008,50.3056271461914,-0.7749792416274596,98.212625,57.719827758723135,-0.5087881591119308,107.55,8731191,1788259402,2026-09-01T10:43:22Z,NYSE:DIS
28.457666245556474,1.10833487749008,50.3056271461914,-0.7749792416274596,98.212625,57.719827758723135,-0.5087881591119308,107.55,8731191,1788259578,2026-09-01T10:46:18Z,NYSE:DIS
28.457666245556474,1.10833487749008,50.3056271461914,-0.7749792416274596,98.212625,57.719827758723135,-0.5087881591119308,107.55,8731191,1788259758,2026-09-01T10:49:18Z,NYSE:DIS
28.457666245556474,1.10833487749008,50.3056271461914,-0.7749792416274596,98.212625,57.719827758723135,-0.5087881591119308,107.55,8731191,1788259940,2026-09-01T10:52:20Z,NYSE:DIS
28.457666245556474,1.10833487749008,50.3056271461914,-0.7749792416274596,98.212625,57.719827758723135,-0.5087881591119308,107.55,8731191,1788260123,2026-09-01T10:55:23Z,NYSE:DIS
28.457666245556474,1.10833487749008,50.3056271461914,-0.7749792416274596,98.212625,57.719827758723135,-0.5087881591119308,107.55,8731191,1788260298,2026-09-01T10:58:18Z,NYSE:DIS
28.457666245556474,1.10833487749008,50.3056271461914,-0.7749792416274596,98.212625,57.719827758723135,-0.5087881591119308,107.55,8731191,1788260480,2026-09-01T11:01:20Z,NYSE:DIS
28.457666245556474,1.10833487749008,50.3056271461914,-0.7749792416274596,98.212625,57.719827758723135,-0.5087881591119308,107.55,8731191,1788260661,2026-09-01T11:04:21Z,NYSE:DIS
28.457666245556474,1.10833487749008,50.3056271461914,-0.7749792416274596,98.212625,57.719827758723135,-0.5087881591119308,107.55,8731191,1788260839,2026-09-01T11:07:19Z,NYSE:DIS
28.457666245556474,1.10833487749008,50.3056271461914,-0.7749792416274596,98.212625,57.719827758723135,-0.5087881591119308,107.55,8731191,1788261018,2026-09-01T11:10:18Z,NYSE:DIS
28.457666245556474,1.10833487749008,50.3056271461914,-0.7749792416274596,98.212625,57.719827758723135,-0.5087881591119308,107.55,8731191,1788261199,2026-09-01T11:13:19Z,NYSE:DIS
28.457666245556474,1.10833487749008,50.3056271461914,-0.7749792416274596,98.212625,57.719827758723135,-0.5087881591119308,107.55,8731191,1788261377,2026-09-01T11:16:17Z,NYSE:DIS
28.457666245556474,1.10833487749008,50.3056271461914,-0.7749792416274596,98.212625,57.719827758723135,-0.5087881591119308,107.55,8731191,1788261562,2026-09-01T11:19:22Z,NYSE:DIS
28.457666245556474,1.10833487749008,50.3056271461914,-0.7749792416274596,98.212625,57.719827758723135,-0.5087881591119308,107.55,8731191,1788261742,2026-09-01T11:22:22Z,NYSE:DIS
28.457666245556474,1.10833487749008,50.3056271461914,-0.7749792416274596,98.212625,57.719827758723135,-0.5087881591119308,107.55,8731191,1788261920,2026-09-01T11:25:20Z,NYSE:DIS
28.457666245556474,1.10833487749008,50.3056271461914,-0.7749792416274596,98.212625,57.719827758723135,-0.5087881591119308,107.55,8731191,1788262101,2026-09-01T11:28:21Z,NYSE:DIS
28.457666245556474,1.10833487749008,50.3056271461914,-0.7749792416274596,98.212625,57.719827758723135,-0.5087881591119308,107.55,8731191,1788262285,2026-09-01T11:31:25Z,NYSE:DIS
28.457666245556474,1.10833487749008,50.3056271461914,-0.7749792416274596,98.212625,57.719827758723135,-0.5087881591119308,107.55,8731191,1788262461,2026-09-01T11:34:21Z,NYSE:DIS
28.457666245556474,1.10833487749008,50.3056271461914,-0.7749792416274596,98.212625,57.719827758723135,-0.5087881591119308,107.55,8731191,1788262641,2026-09-01T11:37:21Z,NYSE:DIS
28.457666245556474,1.10833487749008,50.3056271461914,-0.7749792416274596,98.212625,57.719827758723135,-0.5087881591119308,107.55,8731191,1788262824,2026-09-01T11:40:24Z,NYSE:DIS
28.457666245556474,1.10833487749008,50.3056271461914,-0.7749792416274596,98.212625,57.719827758723135,-0.5087881591119308,107.55,8731191,1788263004,2026-09-01T11:43:24Z,NYSE:DIS
28.457666245556474,1.10833487749008,50.3056271461914,-0.7749792416274596,98.212625,57.719827758723135,-0.5087881591119308,107.55,8731191,1788263178,2026-09-01T11:46:18Z,NYSE:DIS
28.457666245556474,1.10833487749008,50.3056271461914,-0.7749792416274596,98.212625,57.719827758723135,-0.5087881591119308,107.55,8731191,1788263358,2026-09-01T11:49:18Z,NYSE:DIS
28.457666245556474,1.10833487749008,50.3056271461914,-0.7749792416274596,98.212625,57.719827758723135,-0.5087881591119308,107.55,8731191,1788263542,2026-09-01T11:52:22Z,NYSE:DIS
28.457666245556474,1.10833487749008,50.3056271461914,-0.7749792416274596,98.212625,57.719827758723135,-0.5087881591119308,107.55,8731191,1788263723,2026-09-01T11:55:23Z,NYSE:DIS
28.457666245556474,1.10833487749008,50.3056271461914,-0.7749792416274596,98.212625,57.719827758723135,-0.5087881591119308,107.55,8731191,1788263897,2026-09-01T11:58:17Z,NYSE:DIS
28.457666245556474,1.10833487749008,50.3056271461914,-0.7749792416274596,98.212625,57.719827758723135,-0.5087881591119308,107.55,8731191,1788264082,2026-09-01T12:01:22Z,NYSE:DIS
28.457666245556474,1.10833487749008,50.3056271461914,-0.7749792416274596,98.212625,57.719827758723135,-0.5087881591119308,107.55,8731191,1788264258,2026-09-01T12:04:18Z,NYSE:DIS
28.457666245556474,1.10833487749008,50.3056271461914,-0.7749792416274596,98.212625,57.719827758723135,-0.5087881591119308,107.55,8731191,1788264442,2026-09-01T12:07:22Z,NYSE:DIS
28.457666245556474,1.10833487749008,50.3056271461914,-0.7749792416274596,98.212625,57.719827758723135,-0.5087881591119308,107.55,8731191,1788264619,2026-09-01T12:10:19Z,NYSE:DIS
28.457666245556474,1.10833487749008,50.3056271461914,-0.7749792416274596,98.212625,57.719827758723135,-0.5087881591119308,107.55,8731191,1788264798,2026-09-01T12:13:18Z,NYSE:DIS
28.457666245556474,1.10833487749008,50.3056271461914,-0.7749792416274596,98.212625,57.719827758723135,-0.5087881591119308,107.55,8731191,1788264982,2026-09-01T12:16:22Z,NYSE:DIS
28.457666245556474,1.10833487749008,50.3056271461914,-0.7749792416274596,98.212625,57.719827758723135,-0.5087881591119308,107.55,8731191,1788265164,2026-09-01T12:19:24Z,NYSE:DIS
28.457666245556474,1.10833487749008,50.3056271461914,-0.7749792416274596,98.212625,57.719827758723135,-0.5087881591119308,107.55,8731191,1788265339,2026-09-01T12:22:19Z,NYSE:DIS
28.457666245556474,1.10833487749008,50.3056271461914,-0.7749792416274596,98.212625,57.719827758723135,-0.5087881591119308,107.55,8731191,1788265524,2026-09-01T12:25:24Z,NYSE:DIS
28.457666245556474,1.10833487749008,50.3056271461914,-0.7749792416274596,98.212625,57.719827758723135,-0.5087881591119308,107.55,8731191,1788265704,2026-09-01T12:28:24Z,NYSE:DIS
28.457666245556474,1.10833487749008,50.3056271461914,-0.7749792416274596,98.212625,57.719827758723135,-0.5087881591119308,107.55,8731191,1788265877,2026-09-01T12:31:17Z,NYSE:DIS
28.457666245556474,1.10833487749008,50.3056271461914,-0.7749792416274596,98.212625,57.719827758723135,-0.5087881591119308,107.55,8731191,1788266060,2026-09-01T12:34:20Z,NYSE:DIS
28.457666245556474,1.10833487749008,50.3056271461914,-0.7749792416274596,98.212625,57.719827758723135,-0.5087881591119308,107.55,8731191,1788266239,2026-09-01T12:37:19Z,NYSE:DIS
28.457666245556474,1.10833487749008,50.3056271461914,-0.7749792416274596,98.212625,57.719827758723135,-0.5087881591119308,107.55,8731191,1788266418,2026-09-01T12:40:18Z,NYSE:DIS
28.457666245556474,1.10833487749008,50.3056271461914,-0.7749792416274596,98.212625,57.719827758723135,-0.5087881591119308,107.55,8731191,1788266602,2026-09-01T12:43:22Z,NYSE:DIS
28.457666245556474,1.10833487749008,50.3056271461914,-0.7749792416274596,98.212625,57.719827758723135,-0.5087881591119308,107.55,8731191,1788266777,2026-09-01T12:46:17Z,NYSE:DIS
28.457666245556474,1.10833487749008,50.3056271461914,-0.7749792416274596,98.212625,57.719827758723135,-0.5087881591119308,107.55,8731191,1788266959,2026-09-01T12:49:19Z,NYSE:DIS
28.457666245556474,1.10833487749008,50.3056271461914,-0.7749792416274596,98.212625,57.719827758723135,-0.5087881591119308,107.55,8731191,1788267142,2026-09-01T12:52:22Z,NYSE:DIS
28.457666245556474,1.10833487749008,50.3056271461914,-0.7749792416274596,98.212625,57.719827758723135,-0.5087881591119308,107.55,8731191,1788267321,2026-09-01T12:55:21Z,NYSE:DIS
28.457666245556474,1.10833487749008,50.3056271461914,-0.7749792416274596,98.212625,57.719827758723135,-0.5087881591119308,107.55,8731191,1788267505,2026-09-01T12:58:25Z,NYSE:DIS
28.457666245556474,1.10833487749008,50.3056271461914,-0.7749792416274596,98.212625,57.719827758723135,-0.5087881591119308,107.55,8731191,1788267681,2026-09-01T13:01:21Z,NYSE:DIS
28.457666245556474,1.10833487749008,50.3056271461914,-0.7749792416274596,98.212625,57.719827758723135,-0.5087881591119308,107.55,8731191,1788267868,2026-09-01T13:04:28Z,NYSE:DIS
28.457666245556474,1.10833487749008,50.3056271461914,-0.7749792416274596,98.212625,57.719827758723135,-0.5087881591119308,107.55,8731191,1788268035,2026-09-01T13:07:15Z,NYSE:DIS
28.457666245556474,1.10833487749008,50.3056271461914,-0.7749792416274596,98.212625,57.719827758723135,-0.5087881591119308,107.55,8731191,1788268220,2026-09-01T13:10:20Z,NYSE:DIS
28.457666245556474,1.10833487749008,50.3056271461914,-0.7749792416274596,98.212625,57.719827758723135,-0.5087881591119308,107.55,8731191,1788268402,2026-09-01T13:13:22Z,NYSE:DIS
28.457666245556474,1.10833487749008,50.3056271461914,-0.7749792416274596,98.212625,57.719827758723135,-0.5087881591119308,107.55,8731191,1788268578,2026-09-01T13:16:18Z,NYSE:DIS
28.457666245556474,1.10833487749008,50.3056271461914,-0.7749792416274596,98.212625,57.719827758723135,-0.5087881591119308,107.55,8731191,1788268764,2026-09-01T13:19:24Z,NYSE:DIS
28.457666245556474,1.10833487749008,50.3056271461914,-0.7749792416274596,98.212625,57.719827758723135,-0.5087881591119308,107.55,8731191,1788268942,2026-09-01T13:22:22Z,NYSE:DIS
28.457666245556474,1.10833487749008,50.3056271461914,-0.7749792416274596,98.212625,57.719827758723135,-0.5087881591119308,107.55,8731191,1788269120,2026-09-01T13:25:20Z,NYSE:DIS
28.457666245556474,1.10833487749008,50.3056271461914,-0.7749792416274596,98.212625,57.719827758723135,-0.5087881591119308,107.55,8731191,1788269299,2026-09-01T13:28:19Z,NYSE:DIS
28.457666245556474,1.10833487749008,50.3056271461914,-0.7749792416274596,98.212625,57.719827758723135,-0.5087881591119308,107.55,8731191,1788269480,2026-09-01T13:31:20Z,NYSE:DIS
28.457666245556474,1.10833487749008,50.3056271461914,-0.7749792416274596,98.212625,57.719827758723135,-0.5087881591119308,107.55,8731191,1788269661,2026-09-01T13:34:21Z,NYSE:DIS
28.457666245556474,1.10833487749008,50.3056271461914,-0.7749792416274596,98.212625,57.719827758723135,-0.5087881591119308,107.55,8731191,1788269838,2026-09-01T13:37:18Z,NYSE:DIS
28.457666245556474,1.10833487749008,50.3056271461914,-0.7749792416274596,98.212625,57.719827758723135,-0.5087881591119308,107.55,8731191,1788270020,2026-09-01T13:40:20Z,NYSE:DIS
28.457666245556474,1.10833487749008,50.3056271461914,-0.7749792416274596,98.212625,57.719827758723135,-0.5087881591119308,107.55,8731191,1788270201,2026-09-01T13:43:21Z,NYSE:DIS
28.186826614832377,0.1814298949914814,33.156658646713616,-2.882352941176473,111.5815,57.01453893079435,-0.2185030218503016,107.315,172399,1788270382,2026-09-01T13:46:22Z,NYSE:DIS
28.186826614832377,0.4212870378486428,37.85267760366112,-2.701357466063348,111.5815,57.61368088864014,-0.0325430032542971,107.515,209176,1788270560,2026-09-01T13:49:20Z,NYSE:DIS
28.186826614832377,0.7440156092771986,47.11322624214983,-2.230769230769234,111.5815,58.77237968880538,0.450953045095304,108.035,251821,1788270740,2026-09-01T13:52:20Z,NYSE:DIS
28.26490127235871,0.9314298949914956,45.69025903630402,-2.4705882352941213,111.5815,58.20385789651969,0.2045560204556009,107.77,304096,1788270918,2026-09-01T13:55:18Z,NYSE:DIS
28.26490127235871,0.9028584664200564,46.61885918645791,-2.3800904977375525,111.5815,58.42022692231583,0.2975360297536098,107.87,331636,1788271100,2026-09-01T13:58:20Z,NYSE:DIS
28.26490127235871,0.8714298949914934,47.638689308739934,-2.280542986425336,111.5815,58.65566008693014,0.3998140399814103,107.98,365015,1788271277,2026-09-01T14:01:17Z,NYSE:DIS
28.26490127235871,0.857144180705788,48.10168505313492,-2.235294117647058,111.5815,58.76179605531387,0.4463040446304082,108.03,417322,1788271458,2026-09-01T14:04:18Z,NYSE:DIS
28.26490127235871,0.9114298949914854,46.34042748494704,-2.4072398190045217,111.5815,58.35555179992373,0.2696420269642085,107.84,455975,1788271643,2026-09-01T14:07:23Z,NYSE:DIS
28.26490127235871,0.934287037848648,45.59732127021629,-2.479638009049769,111.5815,58.18209707810654,0.1952580195258093,107.76,511960,1788271821,2026-09-01T14:10:21Z,NYSE:DIS
28.26490127235871,0.9300013235629336,45.73672261430605,-2.4660633484162844,111.5815,58.21472981516346,0.20920502092051,107.775,535587,1788272002,2026-09-01T14:13:22Z,NYSE:DIS
28.26490127235871,0.9228584664200667,45.96898747003743,-2.443438914027152,111.5815,58.26900467920794,0.2324500232450023,107.8,565315,1788272176,2026-09-01T14:16:16Z,NYSE:DIS
28.26490127235871,0.9228584664200667,45.96898747003743,-2.384615384615389,111.5815,58.26900467920794,0.2324500232450023,107.8,603914,1788272360,2026-09-01T14:19:20Z,NYSE:DIS
28.26490127235871,0.9100013235629234,46.38684159346642,-2.402714932126698,111.5815,58.36634495541067,0.2742910274291043,107.845,651218,1788272543,2026-09-01T14:22:23Z,NYSE:DIS
28.26490127235871,0.8742870378486458,47.546047936816194,-2.2895927601809967,111.5815,58.634367299832384,0.3905160390516055,107.97,686674,1788272719,2026-09-01T14:25:19Z,NYSE:DIS
28.26490127235871,0.8514298949914831,48.28678489031627,-2.2171945701357494,111.5815,58.8040980193491,0.4649000464900046,108.05,725441,1788272900,2026-09-01T14:28:20Z,NYSE:DIS
28.35879319168039,1.0128584664200702,53.85959752739016,-1.9049773755656143,111.5815,59.52038371133931,0.7856810785681068,108.395,793842,1788273080,2026-09-01T14:31:20Z,NYSE:DIS
28.459672333595044,1.222858466420064,59.06357514426035,-1.6515837104072424,111.5815,60.08366056223667,1.0460251046025104,108.675,870423,1788273262,2026-09-01T14:34:22Z,NYSE:DIS
28.47328087898301,1.2842870378486424,58.74531991723822,-1.7194570135746658,111.5815,59.93432570039516,0.9762900976290072,108.6,912201,1788273446,2026-09-01T14:37:26Z,NYSE:DIS
28.48005799716394,1.2642870378486464,60.19883323292738,-1.5927601809954797,111.5815,60.21218653946389,1.106462110646209,108.74,949463,1788273619,2026-09-01T14:40:19Z,NYSE:DIS
28.48005799716394,1.2571441807057795,60.425628759501215,-1.5701357466063344,111.5815,60.26139949273816,1.1297071129707146,108.765,998122,1788273803,2026-09-01T14:43:23Z,NYSE:DIS
28.51701218823812,1.3285727521343489,62.64372086459926,-1.4479638009049722,111.5815,60.5250597043925,1.2552301255230205,108.9,1034220,1788273986,2026-09-01T14:46:26Z,NYSE:DIS
28.52699762089418,1.365715609277217,62.68890311543591,-1.4705882352941178,111.5815,60.47649802622051,1.231985123198515,108.875,1063554,1788274159,2026-09-01T14:49:19Z,NYSE:DIS
28.52699762089418,1.407144180705771,61.37723958524674,-1.6018099547511275,111.5815,60.19246721139416,1.097164109716417,108.73,1109021,1788274339,2026-09-01T14:52:19Z,NYSE:DIS
28.52699762089418,1.4471441807057914,60.10809114113142,-1.7285067873303137,111.5815,59.91432991892591,0.9669920966992156,108.59,1138312,1788274523,2026-09-01T14:55:23Z,NYSE:DIS
28.52699762089418,1.5385727521343568,57.19711962917643,-2.018099547511316,111.5815,59.26375563705515,0.6694560669456057,108.27,1172383,1788274702,2026-09-01T14:58:22Z,NYSE:DIS
28.52699762089418,1.5242870378486515,57.65288447310322,-1.972850678733037,111.5815,59.36679634506583,0.7159460715946034,108.32,1201640,1788274883,2026-09-01T15:01:23Z,NYSE:DIS
28.52699762089418,1.5414298949914809,57.10592542269566,-2.027149321266964,111.5815,59.24308475203637,0.6601580660158141,108.26,1236220,1788275060,2026-09-01T15:04:20Z,NYSE:DIS
28.52699762089418,1.595715609277207,55.37061884874112,-2.1990950226244403,111.5815,58.84631328598943,0.4834960483496011,108.07,1262620,1788275243,2026-09-01T15:07:23Z,NYSE:DIS
28.52699762089418,1.6057156092771976,55.05041388250096,-2.230769230769234,111.5815,58.77237968880538,0.450953045095304,108.035,1286641,1788275418,2026-09-01T15:10:18Z,NYSE:DIS
28.52699762089418,1.64714418070578,53.72204499818276,-2.361990950226244,111.5815,58.46323218325582,0.3161320316132063,107.89,1317972,1788275596,2026-09-01T15:13:16Z,NYSE:DIS
28.52699762089418,1.7100013235629348,51.7010172248836,-2.561085972850677,111.5815,57.98522524874193,0.1115760111576053,107.67,1394885,1788275778,2026-09-01T15:16:18Z,NYSE:DIS
28.52699762089418,1.734287037848631,50.91836067055949,-2.6380090497737614,111.5815,57.79758107373199,0.0325430032542971,107.585,1425836,1788275962,2026-09-01T15:19:22Z,NYSE:DIS
28.52699762089418,1.7185727521343637,51.42490059141006,-2.5882352941176467,111.5815,57.91918872915596,0.083682008368204,107.64,1470393,1788276137,2026-09-01T15:22:17Z,NYSE:DIS
28.52699762089418,1.7514298949914888,50.36528984479399,-2.692307692307687,111.5815,57.64396870725356,-0.0232450023244923,107.525,1499813,1788276318,2026-09-01T15:25:18Z,NYSE:DIS
28.52699762089418,1.7271441807057926,51.14865842726719,-2.615384615384616,111.5815,57.85294429762303,0.0557880055788026,107.61,1523377,1788276503,2026-09-01T15:28:23Z,NYSE:DIS
28.52699762089418,1.770001323562937,49.76556164692842,-2.751131221719463,111.5815,57.44766517599927,-0.083682008368204,107.46,1551993,1788276684,2026-09-01T15:31:24Z,NYSE:DIS
28.52699762089418,1.740001323562936,50.73405962372268,-2.65610859728507,111.5815,57.75318566243932,0.0139470013947006,107.565,1579151,1788276859,2026-09-01T15:34:19Z,NYSE:DIS
28.52699762089418,1.741429894991498,50.68797563072404,-2.660633484162894,111.5815,57.74207221128956,0.0092980009298048,107.56,1607322,1788277042,2026-09-01T15:37:22Z,NYSE:DIS
28.52699762089418,1.7757156092772135,49.58091089130567,-2.7692307692307714,111.5815,57.38753279073621,-0.1022780102278004,107.44,1634187,1788277219,2026-09-01T15:40:19Z,NYSE:DIS
28.52699762089418,1.7642870378486322,49.95015638229327,-2.7330316742081413,111.5815,57.50792371049405,-0.1162250116225011,107.425,1645690,1788277400,2026-09-01T15:43:20Z,NYSE:DIS
28.52699762089418,1.7757156092772135,49.58091089130567,-2.7692307692307714,111.5815,57.38753279073621,-0.1022780102278004,107.44,1666986,1788277579,2026-09-01T15:46:19Z,NYSE:DIS
28.52699762089418,1.7785727521343375,49.48856449792731,-2.778280542986419,111.5815,57.35751378033952,-0.0650860065085943,107.48,1697207,1788277759,2026-09-01T15:49:19Z,NYSE:DIS
28.52699762089418,1.8014298949915002,48.74928855608095,-2.850678733031679,111.5815,57.1184875822516,-0.1859600185960045,107.35,1713134,1788277945,2026-09-01T15:52:25Z,NYSE:DIS
28.52699762089418,1.7900013235629189,49.11903874620058,-2.814479638009049,111.5815,57.237751137624,-0.1487680148767983,107.39,1807750,1788278122,2026-09-01T15:55:22Z,NYSE:DIS
28.52699762089418,1.7871441807057664,49.21144121724794,-2.8054298642533886,111.5815,57.267644886680095,-0.1394700139469935,107.4,1827992,1788278299,2026-09-01T15:58:19Z,NYSE:DIS
28.52699762089418,1.795715609277195,48.93419171871796,-2.8325791855203577,111.5815,57.1780571692091,-0.1673640167363948,107.37,1848070,1788278478,2026-09-01T16:01:18Z,NYSE:DIS
28.52699762089418,1.78142989499149,49.39620408991906,-2.78733031674208,111.5815,57.32752615898523,-0.120874012087397,107.42,1869837,1788278665,2026-09-01T16:04:25Z,NYSE:DIS
28.52699762089418,1.7854298949914806,49.26687596805345,-2.7999999999999945,111.5815,57.28559612901062,-0.1338912133891132,107.406,1910574,1788278841,2026-09-01T16:07:21Z,NYSE:DIS
28.52699762089418,1.7785727521343375,49.48856449792731,-2.778280542986419,111.5815,57.35751378033952,-0.1115760111575921,107.43,1929319,1788279029,2026-09-01T16:10:29Z,NYSE:DIS
28.52699762089418,1.810001323562929,48.47182850276211,-2.8778280542986487,111.5815,57.02936556798106,-0.2138540213854058,107.32,1945518,1788279202,2026-09-01T16:13:22Z,NYSE:DIS
28.52699762089418,1.7871441807057664,49.21144121724794,-2.8054298642533886,111.5815,57.267644886680095,-0.1394700139469935,107.4,1962972,1788279386,2026-09-01T16:16:26Z,NYSE:DIS
28.52699762089418,1.804287037848624,48.65681591608836,-2.859728506787328,111.5815,57.08874931039785,-0.1952580195257961,107.34,1993333,1788279560,2026-09-01T16:19:20Z,NYSE:DIS
28.52699762089418,1.7985727521343478,48.84174715589198,-2.8416289592760187,111.5815,57.14825685235781,-0.1766620176661996,107.36,2009830,1788279741,2026-09-01T16:22:21Z,NYSE:DIS
28.52699762089418,1.830001323562911,47.82392981991868,-2.9411764705882355,111.5815,56.822491833532816,-0.2789400278940001,107.25,2023119,1788279917,2026-09-01T16:25:17Z,NYSE:DIS
28.52699762089418,1.83857275213434,47.546047936816194,-2.9683257918552046,111.5815,56.73429039749136,-0.3068340306834015,107.22,2063111,1788280100,2026-09-01T16:28:20Z,NYSE:DIS
28.52699762089418,1.841429894991492,47.45339248305554,-2.9773755656108656,111.5815,56.70495073565346,-0.3161320316132063,107.21,2073438,1788280279,2026-09-01T16:31:19Z,NYSE:DIS
28.52699762089418,1.870001323562932,46.526062737571735,-3.067873303167421,111.5815,56.41321453413881,-0.4091120409112019,107.11,2087422,1788280461,2026-09-01T16:34:21Z,NYSE:DIS
28.52699762089418,1.8900013235629127,45.87609213298591,-3.131221719457008,111.5815,56.21077888728951,-0.4741980474197962,107.04,2106162,1788280640,2026-09-01T16:37:20Z,NYSE:DIS
28.52699762089418,1.9014298949914945,45.50436935465547,-3.167420814479638,111.5815,56.09575234349695,-0.5113900511390025,107.0,2139530,1788280821,2026-09-01T16:40:21Z,NYSE:DIS
28.52699762089418,1.898572752134342,45.59732127021629,-3.1583710407239773,111.5815,56.12446482239568,-0.5020920502091977,107.01,2158459,1788281002,2026-09-01T16:43:22Z,NYSE:DIS
28.52699762089418,1.9157156092772,45.03939742162995,-3.212669683257916,111.5815,55.95262949157417,-0.5578800557880003,106.95,2173341,1788281180,2026-09-01T16:46:20Z,NYSE:DIS
28.52699762089418,1.872858466420084,43.50247463413866,-3.298642533936648,111.5815,55.68269841999377,-0.6462110646211001,106.855,2198789,1788281363,2026-09-01T16:49:23Z,NYSE:DIS
28.52699762089418,1.819287037848639,43.78220271731652,-3.239819004524885,111.5815,55.86710580205735,-0.5857740585774016,106.92,2249366,1788281538,2026-09-01T16:52:18Z,NYSE:DIS
28.52699762089418,1.7950013235629427,44.57407126664577,-3.1628959276018143,111.5815,56.11010490978264,-0.5067410506741066,107.005,2271196,1788281723,2026-09-01T16:55:23Z,NYSE:DIS
28.52699762089418,1.7850013235629234,44.899836786852816,-3.131221719457008,111.5815,56.21077888728951,-0.4741980474197962,107.04,2283277,1788281899,2026-09-01T16:58:19Z,NYSE:DIS
28.52699762089418,1.7907156092772285,44.71370633052759,-3.1493212669683293,111.5815,56.1532067091763,-0.492794049279406,107.02,2305871,1788282081,2026-09-01T17:01:21Z,NYSE:DIS
28.52699762089418,1.8186584664200751,43.80271107488897,-3.23782805429864,111.5815,55.87336865493151,-0.5837284983728438,106.9222,2318990,1788282261,2026-09-01T17:04:21Z,NYSE:DIS
28.52699762089418,1.827858466420068,43.50247463413823,-3.2669683257918547,111.5815,55.78184315973975,-0.613668061366803,106.89,2336753,1788282438,2026-09-01T17:07:18Z,NYSE:DIS
28.52699762089418,1.841687037848644,43.05091011624362,-3.310769230769231,111.5815,55.644833380234815,-0.6586703858670362,106.8416,2350343,1788282618,2026-09-01T17:10:18Z,NYSE:DIS
28.52699762089418,1.8228584664200584,43.4558408446953,-3.2669683257918547,111.5815,55.78184315973975,-0.613668061366803,106.89,2370143,1788282799,2026-09-01T17:13:19Z,NYSE:DIS
28.52699762089418,1.830001323562925,43.22261854916557,-3.289592760181,111.5815,55.71098950767623,-0.6369130636913085,106.865,2382737,1788282979,2026-09-01T17:16:19Z,NYSE:DIS
28.52699762089418,1.7957156092772235,42.242112968136496,-3.339366515837102,111.5815,55.55574329168262,-0.6880520688052022,106.81,2435268,1788283162,2026-09-01T17:19:22Z,NYSE:DIS
28.52699762089418,1.7557156092772033,43.54910486797636,-3.212669683257916,111.5815,55.95262949157417,-0.5578800557880003,106.95,2466889,1788283344,2026-09-01T17:22:24Z,NYSE:DIS
28.52699762089418,1.8042870378486529,41.96167978641538,-3.3665158371040715,111.5815,55.471427667416926,-0.7159460715946034,106.78,2507077,1788283519,2026-09-01T17:25:19Z,NYSE:DIS
28.52699762089418,1.7857156092772044,42.56912273900676,-3.307692307692309,111.5815,55.6544360512195,-0.655509065550905,106.845,2528265,1788283703,2026-09-01T17:28:23Z,NYSE:DIS
28.52699762089418,1.7600013235629175,43.40920349924,-3.2262443438914006,111.5815,55.90983494104406,-0.571827057182701,106.935,2546390,1788283877,2026-09-01T17:31:17Z,NYSE:DIS
28.52699762089418,1.7757156092772135,42.89595788607056,-3.276018099547515,111.5815,55.75348008298207,-0.6229660622966079,106.88,2564280,1788284059,2026-09-01T17:34:19Z,NYSE:DIS
28.52699762089418,1.778572752134366,42.80259422608083,-3.285067873303164,111.5815,55.72514583479101,-0.6322640632263995,106.87,2579426,1788284241,2026-09-01T17:37:21Z,NYSE:DIS
28.52699762089418,1.7928584664200713,42.33556215815763,-3.3303167420814543,111.5815,55.58390548789428,-0.6787540678754105,106.82,2598474,1788284417,2026-09-01T17:40:17Z,NYSE:DIS
28.52699762089418,1.7957156092772235,42.242112968136496,-3.339366515837102,111.5815,55.55574329168262,-0.6880520688052022,106.81,2614215,1788284600,2026-09-01T17:43:20Z,NYSE:DIS
28.52699762089418,1.8057156092772144,41.91492843347309,-3.371040723981895,111.5815,55.45739993893214,-0.7205950720594992,106.775,2634996,1788284786,2026-09-01T17:46:26Z,NYSE:DIS
28.52699762089418,1.797858466420081,41.5407890747458,-3.3936651583710407,111.5815,55.38736758294159,-0.7438400743840048,106.75,2647340,1788284957,2026-09-01T17:49:17Z,NYSE:DIS
28.52699762089418,1.7835727521343472,42.00842757029958,-3.348416289592763,111.5815,55.52760961839151,-0.697350069735007,106.8,2668772,1788285142,2026-09-01T17:52:22Z,NYSE:DIS
28.52699762089418,1.7664298949914894,42.56912273900718,-3.2941176470588243,111.5815,55.69684037123627,-0.6415620641562043,106.86,2688360,1788285322,2026-09-01T17:55:22Z,NYSE:DIS
28.52699762089418,1.7541441807057936,42.97063855852312,-3.255203619909497,111.5815,55.81875833063315,-0.601580660158058,106.903,2701902,1788285497,2026-09-01T17:58:17Z,NYSE:DIS
28.52699762089418,1.7664298949914894,42.56912273900718,-3.2941176470588243,111.5815,55.69684037123627,-0.6415620641562043,106.86,2715147,1788285679,2026-09-01T18:01:19Z,NYSE:DIS
28.52699762089418,1.7692870378486418,42.47570920077637,-3.303167420814485,111.5815,55.6685636484769,-0.6508600650860091,106.85,2736875,1788285863,2026-09-01T18:04:23Z,NYSE:DIS
28.52699762089418,1.7750013235629185,42.28883934624723,-3.3212669683257934,111.5815,55.612096250424905,-0.6694560669456057,106.83,2748683,1788286040,2026-09-01T18:07:20Z,NYSE:DIS
28.52699762089418,1.7935727521343665,41.681118118566175,-3.380090497737556,111.5815,55.42936575536782,-0.7298930729893042,106.765,2766869,1788286222,2026-09-01T18:10:22Z,NYSE:DIS
28.52699762089418,1.792144180705776,41.72788732293649,-3.375565610859732,111.5815,55.44337930337517,-0.7252440725244084,106.77,2790294,1788286399,2026-09-01T18:13:19Z,NYSE:DIS
28.52699762089418,1.800715609277205,41.44721851584752,-3.4027149321267016,111.5815,55.35940414071402,-0.7531380753138097,106.74,2808627,1788286579,2026-09-01T18:16:19Z,NYSE:DIS
28.52699762089418,1.6922441807057993,39.10423974549319,-3.502262443438918,111.5815,55.05365954859442,-0.8554160855416102,106.63,2861716,1788286759,2026-09-01T18:19:19Z,NYSE:DIS
28.52699762089418,1.6836727521343704,39.38598289760951,-3.475113122171949,111.5815,55.136709003663896,-0.8275220827522088,106.66,2878955,1788286940,2026-09-01T18:22:20Z,NYSE:DIS
28.52699762089418,1.6751013235629415,39.66759675122738,-3.44796380090498,111.5815,55.22000940053575,-0.7996280799628075,106.69,2896326,1788287117,2026-09-01T18:25:17Z,NYSE:DIS
28.52699762089418,1.6836727521343704,39.38598289760951,-3.475113122171949,111.5815,55.136709003663896,-0.8275220827522088,106.66,2906053,1788287301,2026-09-01T18:28:21Z,NYSE:DIS
28.52699762089418,1.6836727521343704,39.38598289760951,-3.475113122171949,111.5815,55.136709003663896,-0.8275220827522088,106.66,2922851,1788287483,2026-09-01T18:31:23Z,NYSE:DIS
28.52699762089418,1.6638870378486388,37.91762220557115,-3.571131221719458,111.5815,54.844108744289535,-0.9261738726173856,106.5539,2943403,1788287660,2026-09-01T18:34:20Z,NYSE:DIS
28.52699762089418,1.624387037848635,36.89276823528427,-3.619909502262444,111.5815,54.69665086540458,-0.9762900976290072,106.5,2976656,1788287841,2026-09-01T18:37:21Z,NYSE:DIS
28.52699762089418,1.5650013235629103,36.08996678702168,-3.638009049773752,111.5815,54.64213700903462,-0.9948860994886036,106.48,3009934,1788288024,2026-09-01T18:40:24Z,NYSE:DIS
28.52699762089418,1.567658466420056,35.568670035668625,-3.678733031674206,111.5815,54.51987724361441,-1.0367271036727057,106.435,3041712,1788288200,2026-09-01T18:43:20Z,NYSE:DIS
28.52699762089418,1.5514013235629278,35.47701972485872,-3.6741176470588224,111.5815,54.533705854481845,-1.0319851231985089,106.4401,3056357,1788288379,2026-09-01T18:46:19Z,NYSE:DIS
28.52699762089418,1.549287037848643,35.3343204327229,-3.68325791855203,111.5815,54.50632658865713,-1.0413761041376015,106.43,3075731,1788288564,2026-09-01T18:49:24Z,NYSE:DIS
28.52699762089418,1.531509609277208,35.92211399548239,-3.626949321266968,111.5815,54.6754347802062,-0.983523012552298,106.492221,3109690,1788288740,2026-09-01T18:52:20Z,NYSE:DIS
28.52699762089418,1.5250013235629185,36.13716389100978,-3.606334841628959,111.5815,54.73760769259587,-0.9623430962343064,106.515,3134457,1788288920,2026-09-01T18:55:20Z,NYSE:DIS
28.52699762089418,1.5350013235629092,35.8067081150706,-3.638009049773752,111.5815,54.64213700903462,-0.9948860994886036,106.48,3153886,1788289101,2026-09-01T18:58:21Z,NYSE:DIS
28.52699762089418,1.549287037848643,35.3343204327229,-3.68325791855203,111.5815,54.50632658865713,-1.0413761041376015,106.43,3169075,1788289280,2026-09-01T19:01:20Z,NYSE:DIS
28.52699762089418,1.5385727521343568,34.62505865718266,-3.728506787330321,111.5815,54.37118959512924,-1.0878661087866126,106.38,3195544,1788289460,2026-09-01T19:04:20Z,NYSE:DIS
28.52699762089418,1.522829894991503,34.72062018075219,-3.710316742081453,111.5815,54.42543404298162,-1.0691771269177148,106.4001,3232627,1788289640,2026-09-01T19:07:20Z,NYSE:DIS
28.52699762089418,1.5328584664200662,34.38845645577903,-3.742081447963805,111.5815,54.33077906703831,-1.1018131101813131,106.365,3268011,1788289820,2026-09-01T19:10:20Z,NYSE:DIS
28.52699762089418,1.5171441807057704,34.90886139514343,-3.6923076923076894,111.5815,54.47924547640569,-1.0506741050674064,106.42,3296271,1788290002,2026-09-01T19:13:22Z,NYSE:DIS
28.52699762089418,1.511429894991494,35.09799059336984,-3.674208144796382,111.5815,54.53343463782279,-1.03207810320781,106.44,3331725,1788290184,2026-09-01T19:16:24Z,NYSE:DIS
28.52699762089418,1.5085727521343415,35.192533414394525,-3.6651583710407216,111.5815,54.56056966411293,-1.022780102278005,106.45,3366010,1788290363,2026-09-01T19:19:23Z,NYSE:DIS
28.52699762089418,1.511429894991494,35.09799059336984,-3.674208144796382,111.5815,54.53343463782279,-1.03207810320781,106.44,3405243,1788290538,2026-09-01T19:22:18Z,NYSE:DIS
28.52699762089418,1.5057156092772177,35.287061721150806,-3.6561085972850735,111.5815,54.58773170781779,-1.0134821013482131,106.46,3437123,1788290722,2026-09-01T19:25:22Z,NYSE:DIS
28.52699762089418,1.4914298949914837,35.75948565785195,-3.610859728506784,111.5815,54.723948603354216,-0.9669920966992024,106.51,3457967,1788290901,2026-09-01T19:28:21Z,NYSE:DIS
28.52699762089418,1.4971441807057886,35.570559589228964,-3.628959276018104,111.5815,54.669380347529255,-0.985588098558812,106.49,3492369,1788291078,2026-09-01T19:31:18Z,NYSE:DIS
28.52699762089418,1.512858466420056,35.05071373896297,-3.678733031674206,111.5815,54.51987724361441,-1.0367271036727057,106.435,3519622,1788291262,2026-09-01T19:34:22Z,NYSE:DIS
28.52699762089418,1.5271441807057895,34.57774548574742,-3.723981900452484,111.5815,54.384673133061774,-1.0832171083217037,106.385,3558921,1788291440,2026-09-01T19:37:20Z,NYSE:DIS
28.52699762089418,1.4671441807057874,32.72969313396411,-3.8190045248868767,111.5815,54.102915952033655,-1.1808461180846082,106.28,3586105,1788291619,2026-09-01T19:40:19Z,NYSE:DIS
28.52699762089418,1.432858466420072,32.587305604679784,-3.805429864253392,111.5815,54.14298810267413,-1.1668991166899074,106.295,3621517,1788291803,2026-09-01T19:43:23Z,NYSE:DIS
28.52699762089418,1.4114298949914996,31.58967204754761,-3.864253393665155,111.5815,53.969769456830704,-1.227336122733606,106.23,3657000,1788291981,2026-09-01T19:46:21Z,NYSE:DIS
28.52699762089418,1.3728584664200554,31.16162086823465,-3.868778280542992,111.5815,53.95649084231853,-1.231985123198515,106.225,3718313,1788292160,2026-09-01T19:49:20Z,NYSE:DIS
28.52699762089418,1.3528584664200736,31.82735012075872,-3.805429864253392,111.5815,54.14298810267413,-1.1668991166899074,106.295,3744161,1788292342,2026-09-01T19:52:22Z,NYSE:DIS
28.52699762089418,1.368572752134341,31.30433755827628,-3.8552036199095054,111.5815,53.99634630259748,-1.2180381218038143,106.24,3776690,1788292519,2026-09-01T19:55:19Z,NYSE:DIS
28.52699762089418,1.3714298949914934,31.20919676199913,-3.864253393665155,111.5815,53.969769456830704,-1.227336122733606,106.23,3817361,1788292698,2026-09-01T19:58:18Z,NYSE:DIS
28.52699762089418,1.3557156092771976,31.732289869616583,-3.8144796380090527,111.5815,54.1162667432689,-1.1761971176197124,106.285,3888707,1788292877,2026-09-01T20:01:17Z,NYSE:DIS
28.52699762089418,1.357144180705788,31.68475425539756,-3.8190045248868767,111.5815,54.102915952033655,-1.1808461180846082,106.28,3933538,1788293061,2026-09-01T20:04:21Z,NYSE:DIS
28.52699762089418,1.32000132356292,32.919492069641,-3.701357466063352,111.5815,54.452191260938136,-1.0599721059972111,106.41,4034284,1788293240,2026-09-01T20:07:20Z,NYSE:DIS
28.52699762089418,1.3242870378486344,32.77714834240192,-3.714932126696836,111.5815,54.41166028161748,-1.073919107391912,106.395,4149039,1788293419,2026-09-01T20:10:19Z,NYSE:DIS
28.52699762089418,1.3514298949914971,31.018871199355672,-3.864253393665155,111.5815,53.969769456830704,-1.227336122733606,106.23,4324217,1788293600,2026-09-01T20:13:20Z,NYSE:DIS
28.52699762089418,1.3514298949914971,31.018871199355672,-3.864253393665155,111.5815,53.969769456830704,-1.227336122733606,106.23,4651617,1788293780,2026-09-01T20:16:20Z,NYSE:DIS
28.52699762089418,1.3542870378486498,30.92368642621468,-3.873303167420816,111.5815,53.94321876028685,-1.2366341236634109,106.22,6627917,1788293961,2026-09-01T20:19:21Z,NYSE:DIS
28.52699762089418,1.3542870378486498,30.92368642621468,-3.873303167420816,111.5815,53.94321876028685,-1.2366341236634109,106.22,6627946,1788294136,2026-09-01T20:22:16Z,NYSE:DIS
28.52699762089418,1.3542870378486498,30.92368642621468,-3.873303167420816,111.5815,53.94321876028685,-1.2366341236634109,106.22,6632734,1788294318,2026-09-01T20:25:18Z,NYSE:DIS
28.52699762089418,1.3542870378486498,30.92368642621468,-3.873303167420816,111.5815,53.94321876028685,-1.2366341236634109,106.22,6632778,1788294499,2026-09-01T20:28:19Z,NYSE:DIS
28.52699762089418,1.3542870378486498,30.92368642621468,-3.873303167420816,111.5815,53.94321876028685,-1.2366341236634109,106.22,6632787,1788294683,2026-09-01T20:31:23Z,NYSE:DIS
28.52699762089418,1.3542870378486498,30.92368642621468,-3.873303167420816,111.5815,53.94321876028685,-1.2366341236634109,106.22,6632814,1788294861,2026-09-01T20:34:21Z,NYSE:DIS
28.52699762089418,1.3542870378486498,30.92368642621468,-3.873303167420816,111.5815,53.94321876028685,-1.2366341236634109,106.22,6634593,1788295034,2026-09-01T20:37:14Z,NYSE:DIS
28.52699762089418,1.3542870378486498,30.92368642621468,-3.873303167420816,111.5815,53.94321876028685,-1.2366341236634109,106.22,6634602,1788295221,2026-09-01T20:40:21Z,NYSE:DIS
28.52699762089418,1.3542870378486498,30.92368642621468,-3.873303167420816,111.5815,53.94321876028685,-1.2366341236634109,106.22,6634607,1788295402,2026-09-01T20:43:22Z,NYSE:DIS
28.52699762089418,1.3542870378486498,30.92368642621468,-3.873303167420816,111.5815,53.94321876028685,-1.2366341236634109,106.22,6634650,1788295578,2026-09-01T20:46:18Z,NYSE:DIS
28.52699762089418,1.3542870378486498,30.92368642621468,-3.873303167420816,111.5815,53.94321876028685,-1.2366341236634109,106.22,6634731,1788295761,2026-09-01T20:49:21Z,NYSE:DIS
28.52699762089418,1.3542870378486498,30.92368642621468,-3.873303167420816,111.5815,53.94321876028685,-1.2366341236634109,106.22,6634939,1788295939,2026-09-01T20:52:19Z,NYSE:DIS
28.52699762089418,1.3542870378486498,30.92368642621468,-3.873303167420816,111.5815,53.94321876028685,-1.2366341236634109,106.22,6634991,1788296118,2026-09-01T20:55:18Z,NYSE:DIS
28.52699762089418,1.3542870378486498,30.92368642621468,-3.873303167420816,111.5815,53.94321876028685,-1.2366341236634109,106.22,6634993,1788296299,2026-09-01T20:58:19Z,NYSE:DIS
28.52699762089418,1.3542870378486498,30.92368642621468,-3.873303167420816,111.5815,53.94321876028685,-1.2366341236634109,106.22,6635001,1788296482,2026-09-01T21:01:22Z,NYSE:DIS
28.52699762089418,1.3542870378486498,30.92368642621468,-3.873303167420816,111.5815,53.94321876028685,-1.2366341236634109,106.22,6635001,1788296662,2026-09-01T21:04:22Z,NYSE:DIS
28.52699762089418,1.3542870378486498,30.92368642621468,-3.873303167420816,111.5815,53.94321876028685,-1.2366341236634109,106.22,6635175,1788296839,2026-09-01T21:07:19Z,NYSE:DIS
28.52699762089418,1.3542870378486498,30.92368642621468,-3.873303167420816,111.5815,53.94321876028685,-1.2366341236634109,106.22,6635179,1788297020,2026-09-01T21:10:20Z,NYSE:DIS
28.52699762089418,1.3542870378486498,30.92368642621468,-3.873303167420816,111.5815,53.94321876028685,-1.2366341236634109,106.22,6910191,1788297200,2026-09-01T21:13:20Z,NYSE:DIS
28.52699762089418,1.3542870378486498,30.92368642621468,-3.873303167420816,111.5815,53.94321876028685,-1.2366341236634109,106.22,6910194,1788297379,2026-09-01T21:16:19Z,NYSE:DIS
28.52699762089418,1.3542870378486498,30.92368642621468,-3.873303167420816,111.5815,53.94321876028685,-1.2366341236634109,106.22,6910263,1788297561,2026-09-01T21:19:21Z,NYSE:DIS
28.52699762089418,1.3542870378486498,30.92368642621468,-3.873303167420816,111.5815,53.94321876028685,-1.2366341236634109,106.22,6935161,1788297740,2026-09-01T21:22:20Z,NYSE:DIS
28.52699762089418,1.3542870378486498,30.92368642621468,-3.873303167420816,111.5815,53.94321876028685,-1.2366341236634109,106.22,6935219,1788297916,2026-09-01T21:25:16Z,NYSE:DIS
28.52699762089418,1.3542870378486498,30.92368642621468,-3.873303167420816,111.5815,53.94321876028685,-1.2366341236634109,106.22,6935321,1788298101,2026-09-01T21:28:21Z,NYSE:DIS
28.52699762089418,1.3542870378486498,30.92368642621468,-3.873303167420816,111.5815,53.94321876028685,-1.2366341236634109,106.22,6935350,1788298282,2026-09-01T21:31:22Z,NYSE:DIS
28.52699762089418,1.3542870378486498,30.92368642621468,-3.873303167420816,111.5815,53.94321876028685,-1.2366341236634109,106.22,6935468,1788298459,2026-09-01T21:34:19Z,NYSE:DIS
28.52699762089418,1.3542870378486498,30.92368642621468,-3.873303167420816,111.5815,53.94321876028685,-1.2366341236634109,106.22,6935471,1788298655,2026-09-01T21:37:35Z,NYSE:DIS
28.52699762089418,1.3542870378486498,30.92368642621468,-3.873303167420816,111.5815,53.94321876028685,-1.2366341236634109,106.22,6935497,1788298818,2026-09-01T21:40:18Z,NYSE:DIS
28.52699762089418,1.3542870378486498,30.92368642621468,-3.873303167420816,111.5815,53.94321876028685,-1.2366341236634109,106.22,6935501,1788299000,2026-09-01T21:43:20Z,NYSE:DIS
28.52699762089418,1.3542870378486498,30.92368642621468,-3.873303167420816,111.5815,53.94321876028685,-1.2366341236634109,106.22,6935505,1788299182,2026-09-01T21:46:22Z,NYSE:DIS
28.52699762089418,1.3542870378486498,30.92368642621468,-3.873303167420816,111.5815,53.94321876028685,-1.2366341236634109,106.22,6935505,1788299362,2026-09-01T21:49:22Z,NYSE:DIS
28.52699762089418,1.3542870378486498,30.92368642621468,-3.873303167420816,111.5815,53.94321876028685,-1.2366341236634109,106.22,6935509,1788299539,2026-09-01T21:52:19Z,NYSE:DIS
28.52699762089418,1.3542870378486498,30.92368642621468,-3.873303167420816,111.5815,53.94321876028685,-1.2366341236634109,106.22,6935509,1788299721,2026-09-01T21:55:21Z,NYSE:DIS
28.52699762089418,1.3542870378486498,30.92368642621468,-3.873303167420816,111.5815,53.94321876028685,-1.2366341236634109,106.22,7031437,1788299897,2026-09-01T21:58:17Z,NYSE:DIS
28.52699762089418,1.3542870378486498,30.92368642621468,-3.873303167420816,111.5815,53.94321876028685,-1.2366341236634109,106.22,7031437,1788300081,2026-09-01T22:01:21Z,NYSE:DIS
28.52699762089418,1.3542870378486498,30.92368642621468,-3.873303167420816,111.5815,53.94321876028685,-1.2366341236634109,106.22,7031438,1788300256,2026-09-01T22:04:16Z,NYSE:DIS
28.52699762089418,1.3542870378486498,30.92368642621468,-3.873303167420816,111.5815,53.94321876028685,-1.2366341236634109,106.22,7032926,1788300439,2026-09-01T22:07:19Z,NYSE:DIS
28.52699762089418,1.3542870378486498,30.92368642621468,-3.873303167420816,111.5815,53.94321876028685,-1.2366341236634109,106.22,7032931,1788300622,2026-09-01T22:10:22Z,NYSE:DIS
28.52699762089418,1.3542870378486498,30.92368642621468,-3.873303167420816,111.5815,53.94321876028685,-1.2366341236634109,106.22,7033431,1788300801,2026-09-01T22:13:21Z,NYSE:DIS
28.52699762089418,1.3542870378486498,30.92368642621468,-3.873303167420816,111.5815,53.94321876028685,-1.2366341236634109,106.22,7033442,1788300983,2026-09-01T22:16:23Z,NYSE:DIS
28.52699762089418,1.3542870378486498,30.92368642621468,-3.873303167420816,111.5815,53.94321876028685,-1.2366341236634109,106.22,7033448,1788301155,2026-09-01T22:19:15Z,NYSE:DIS
28.52699762089418,1.3542870378486498,30.92368642621468,-3.873303167420816,111.5815,53.94321876028685,-1.2366341236634109,106.22,7033520,1788301339,2026-09-01T22:22:19Z,NYSE:DIS
28.52699762089418,1.3542870378486498,30.92368642621468,-3.873303167420816,111.5815,53.94321876028685,-1.2366341236634109,106.22,7033627,1788301518,2026-09-01T22:25:18Z,NYSE:DIS
28.52699762089418,1.3542870378486498,30.92368642621468,-3.873303167420816,111.5815,53.94321876028685,-1.2366341236634109,106.22,7033665,1788301703,2026-09-01T22:28:23Z,NYSE:DIS
28.52699762089418,1.3542870378486498,30.92368642621468,-3.873303167420816,111.5815,53.94321876028685,-1.2366341236634109,106.22,7033865,1788301884,2026-09-01T22:31:24Z,NYSE:DIS
28.52699762089418,1.3542870378486498,30.92368642621468,-3.873303167420816,111.5815,53.94321876028685,-1.2366341236634109,106.22,7033945,1788302061,2026-09-01T22:34:21Z,NYSE:DIS
28.52699762089418,1.3542870378486498,30.92368642621468,-3.873303167420816,111.5815,53.94321876028685,-1.2366341236634109,106.22,7033945,1788302242,2026-09-01T22:37:22Z,NYSE:DIS
28.52699762089418,1.3542870378486498,30.92368642621468,-3.873303167420816,111.5815,53.94321876028685,-1.2366341236634109,106.22,7034045,1788302418,2026-09-01T22:40:18Z,NYSE:DIS
28.52699762089418,1.3542870378486498,30.92368642621468,-3.873303167420816,111.5815,53.94321876028685,-1.2366341236634109,106.22,7034045,1788302599,2026-09-01T22:43:19Z,NYSE:DIS
28.52699762089418,1.3542870378486498,30.92368642621468,-3.873303167420816,111.5815,53.94321876028685,-1.2366341236634109,106.22,7034055,1788302778,2026-09-01T22:46:18Z,NYSE:DIS
28.52699762089418,1.3542870378486498,30.92368642621468,-3.873303167420816,111.5815,53.94321876028685,-1.2366341236634109,106.22,7034060,1788302959,2026-09-01T22:49:19Z,NYSE:DIS
28.52699762089418,1.3542870378486498,30.92368642621468,-3.873303167420816,111.5815,53.94321876028685,-1.2366341236634109,106.22,7034076,1788303133,2026-09-01T22:52:13Z,NYSE:DIS
28.52699762089418,1.3542870378486498,30.92368642621468,-3.873303167420816,111.5815,53.94321876028685,-1.2366341236634109,106.22,7034108,1788303320,2026-09-01T22:55:20Z,NYSE:DIS
28.52699762089418,1.3542870378486498,30.92368642621468,-3.873303167420816,111.5815,53.94321876028685,-1.2366341236634109,106.22,7034125,1788303504,2026-09-01T22:58:24Z,NYSE:DIS
28.52699762089418,1.3542870378486498,30.92368642621468,-3.873303167420816,111.5815,53.94321876028685,-1.2366341236634109,106.22,7034225,1788303676,2026-09-01T23:01:16Z,NYSE:DIS
28.52699762089418,1.3542870378486498,30.92368642621468,-3.873303167420816,111.5815,53.94321876028685,-1.2366341236634109,106.22,7034268,1788303860,2026-09-01T23:04:20Z,NYSE:DIS
28.52699762089418,1.3542870378486498,30.92368642621468,-3.873303167420816,111.5815,53.94321876028685,-1.2366341236634109,106.22,7034268,1788304037,2026-09-01T23:07:17Z,NYSE:DIS
28.52699762089418,1.3542870378486498,30.92368642621468,-3.873303167420816,111.5815,53.94321876028685,-1.2366341236634109,106.22,7034268,1788304220,2026-09-01T23:10:20Z,NYSE:DIS
28.52699762089418,1.3542870378486498,30.92368642621468,-3.873303167420816,111.5815,53.94321876028685,-1.2366341236634109,106.22,7034268,1788304397,2026-09-01T23:13:17Z,NYSE:DIS
28.52699762089418,1.3542870378486498,30.92368642621468,-3.873303167420816,111.5815,53.94321876028685,-1.2366341236634109,106.22,7034276,1788304578,2026-09-01T23:16:18Z,NYSE:DIS
28.52699762089418,1.3542870378486498,30.92368642621468,-3.873303167420816,111.5815,53.94321876028685,-1.2366341236634109,106.22,7034289,1788304763,2026-09-01T23:19:23Z,NYSE:DIS
28.52699762089418,1.3542870378486498,30.92368642621468,-3.873303167420816,111.5815,53.94321876028685,-1.2366341236634109,106.22,7034293,1788304945,2026-09-01T23:22:25Z,NYSE:DIS
28.52699762089418,1.3542870378486498,30.92368642621468,-3.873303167420816,111.5815,53.94321876028685,-1.2366341236634109,106.22,7034293,1788305121,2026-09-01T23:25:21Z,NYSE:DIS
28.52699762089418,1.3542870378486498,30.92368642621468,-3.873303167420816,111.5815,53.94321876028685,-1.2366341236634109,106.22,7034300,1788305301,2026-09-01T23:28:21Z,NYSE:DIS
28.52699762089418,1.3542870378486498,30.92368642621468,-3.873303167420816,111.5815,53.94321876028685,-1.2366341236634109,106.22,7034311,1788305481,2026-09-01T23:31:21Z,NYSE:DIS
28.52699762089418,1.3542870378486498,30.92368642621468,-3.873303167420816,111.5815,53.94321876028685,-1.2366341236634109,106.22,7034311,1788305656,2026-09-01T23:34:16Z,NYSE:DIS
28.52699762089418,1.3542870378486498,30.92368642621468,-3.873303167420816,111.5815,53.94321876028685,-1.2366341236634109,106.22,7034325,1788305843,2026-09-01T23:37:23Z,NYSE:DIS
28.52699762089418,1.3542870378486498,30.92368642621468,-3.873303167420816,111.5815,53.94321876028685,-1.2366341236634109,106.22,7034326,1788306024,2026-09-01T23:40:24Z,NYSE:DIS
28.52699762089418,1.3542870378486498,30.92368642621468,-3.873303167420816,111.5815,53.94321876028685,-1.2366341236634109,106.22,7034426,1788306199,2026-09-01T23:43:19Z,NYSE:DIS
28.52699762089418,1.3542870378486498,30.92368642621468,-3.873303167420816,111.5815,53.94321876028685,-1.2366341236634109,106.22,7034427,1788306381,2026-09-01T23:46:21Z,NYSE:DIS
28.52699762089418,1.3542870378486498,30.92368642621468,-3.873303167420816,111.5815,53.94321876028685,-1.2366341236634109,106.22,7034429,1788306561,2026-09-01T23:49:21Z,NYSE:DIS
28.52699762089418,1.3542870378486498,30.92368642621468,-3.873303167420816,111.5815,53.94321876028685,-1.2366341236634109,106.22,7034485,1788306742,2026-09-01T23:52:22Z,NYSE:DIS
28.52699762089418,1.3542870378486498,30.92368642621468,-3.873303167420816,111.5815,53.94321876028685,-1.2366341236634109,106.22,7034525,1788306920,2026-09-01T23:55:20Z,NYSE:DIS
28.52699762089418,1.3542870378486498,30.92368642621468,-3.873303167420816,111.5815,53.94321876028685,-1.2366341236634109,106.22,7034526,1788307101,2026-09-01T23:58:21Z,NYSE:DIS
28.52699762089418,1.3542870378486498,30.92368642621468,-3.873303167420816,111.5815,53.94321876028685,-1.2366341236634109,106.22,7034606,1788307285,2026-09-02T00:01:25Z,NYSE:DIS
28.52699762089418,1.3542870378486498,30.92368642621468,-3.873303167420816,111.5815,53.94321876028685,-1.2366341236634109,106.22,7034638,1788307462,2026-09-02T00:04:22Z,NYSE:DIS
28.52699762089418,1.3542870378486498,30.92368642621468,-3.873303167420816,111.5815,53.94321876028685,-1.2366341236634109,106.22,7034639,1788307642,2026-09-02T00:07:22Z,NYSE:DIS
28.52699762089418,1.3542870378486498,30.92368642621468,-3.873303167420816,111.5815,53.94321876028685,-1.2366341236634109,106.22,7034639,1788307818,2026-09-02T00:10:18Z,NYSE:DIS
28.52699762089418,1.3542870378486498,30.92368642621468,-3.873303167420816,111.5815,53.94321876028685,-1.2366341236634109,106.22,7034667,1788308003,2026-09-02T00:13:23Z,NYSE:DIS
28.52699762089418,1.3542870378486498,30.92368642621468,-3.873303167420816,111.5815,53.94321876028685,-1.2366341236634109,106.22,7034668,1788308179,2026-09-02T00:16:19Z,NYSE:DIS
28.52699762089418,1.3542870378486498,30.92368642621468,-3.873303167420816,111.5815,53.94321876028685,-1.2366341236634109,106.22,7034668,1788308360,2026-09-02T00:19:20Z,NYSE:DIS
28.52699762089418,1.3542870378486498,30.92368642621468,-3.873303167420816,111.5815,53.94321876028685,-1.2366341236634109,106.22,7034668,1788308537,2026-09-02T00:22:17Z,NYSE:DIS
28.52699762089418,1.3542870378486498,30.92368642621468,-3.873303167420816,111.5815,53.94321876028685,-1.2366341236634109,106.22,7034668,1788308721,2026-09-02T00:25:21Z,NYSE:DIS
28.52699762089418,1.3542870378486498,30.92368642621468,-3.873303167420816,111.5815,53.94321876028685,-1.2366341236634109,106.22,7034668,1788308903,2026-09-02T00:28:23Z,NYSE:DIS
28.52699762089418,1.3542870378486498,30.92368642621468,-3.873303167420816,111.5815,53.94321876028685,-1.2366341236634109,106.22,7034668,1788309082,2026-09-02T00:31:22Z,NYSE:DIS
28.52699762089418,1.3542870378486498,30.92368642621468,-3.873303167420816,111.5815,53.94321876028685,-1.2366341236634109,106.22,7034668,1788309258,2026-09-02T00:34:18Z,NYSE:DIS
28.52699762089418,1.3542870378486498,30.92368642621468,-3.873303167420816,111.5815,53.94321876028685,-1.2366341236634109,106.22,7034668,1788309441,2026-09-02T00:37:21Z,NYSE:DIS
28.52699762089418,1.3542870378486498,30.92368642621468,-3.873303167420816,111.5815,53.94321876028685,-1.2366341236634109,106.22,7034668,1788309623,2026-09-02T00:40:23Z,NYSE:DIS
28.52699762089418,1.3542870378486498,30.92368642621468,-3.873303167420816,111.5815,53.94321876028685,-1.2366341236634109,106.22,7034668,1788309807,2026-09-02T00:43:27Z,NYSE:DIS
28.52699762089418,1.3542870378486498,30.92368642621468,-3.873303167420816,111.5815,53.94321876028685,-1.2366341236634109,106.22,7034668,1788309980,2026-09-02T00:46:20Z,NYSE:DIS
28.52699762089418,1.3542870378486498,30.92368642621468,-3.873303167420816,111.5815,53.94321876028685,-1.2366341236634109,106.22,7034668,1788310159,2026-09-02T00:49:19Z,NYSE:DIS
28.52699762089418,1.3542870378486498,30.92368642621468,-3.873303167420816,111.5815,53.94321876028685,-1.2366341236634109,106.22,7034668,1788310337,2026-09-02T00:52:17Z,NYSE:DIS
28.52699762089418,1.3542870378486498,30.92368642621468,-3.873303167420816,111.5815,53.94321876028685,-1.2366341236634109,106.22,7034668,1788310522,2026-09-02T00:55:22Z,NYSE:DIS
28.52699762089418,1.3542870378486498,30.92368642621468,-3.873303167420816,111.5815,53.94321876028685,-1.2366341236634109,106.22,7034668,1788310702,2026-09-02T00:58:22Z,NYSE:DIS
28.52699762089418,1.3542870378486498,30.92368642621468,-3.873303167420816,111.5815,53.94321876028685,-1.2366341236634109,106.22,7034668,1788310876,2026-09-02T01:01:16Z,NYSE:DIS
28.52699762089418,1.3542870378486498,30.92368642621468,-3.873303167420816,111.5815,53.94321876028685,-1.2366341236634109,106.22,7034668,1788311066,2026-09-02T01:04:26Z,NYSE:DIS
28.52699762089418,1.3542870378486498,30.92368642621468,-3.873303167420816,111.5815,53.94321876028685,-1.2366341236634109,106.22,7034668,1788311241,2026-09-02T01:07:21Z,NYSE:DIS
28.52699762089418,1.3542870378486498,30.92368642621468,-3.873303167420816,111.5815,53.94321876028685,-1.2366341236634109,106.22,7034668,1788311417,2026-09-02T01:10:17Z,NYSE:DIS
28.52699762089418,1.3542870378486498,30.92368642621468,-3.873303167420816,111.5815,53.94321876028685,-1.2366341236634109,106.22,7034668,1788311605,2026-09-02T01:13:25Z,NYSE:DIS
28.52699762089418,1.3542870378486498,30.92368642621468,-3.873303167420816,111.5815,53.94321876028685,-1.2366341236634109,106.22,7034668,1788311784,2026-09-02T01:16:24Z,NYSE:DIS
28.52699762089418,1.3542870378486498,30.92368642621468,-3.873303167420816,111.5815,53.94321876028685,-1.2366341236634109,106.22,7034668,1788311964,2026-09-02T01:19:24Z,NYSE:DIS
28.52699762089418,1.3542870378486498,30.92368642621468,-3.873303167420816,111.5815,53.94321876028685,-1.2366341236634109,106.22,7034668,1788312150,2026-09-02T01:22:30Z,NYSE:DIS
28.52699762089418,1.3542870378486498,30.92368642621468,-3.873303167420816,111.5815,53.94321876028685,-1.2366341236634109,106.22,7034668,1788312321,2026-09-02T01:25:21Z,NYSE:DIS
28.52699762089418,1.3542870378486498,30.92368642621468,-3.873303167420816,111.5815,53.94321876028685,-1.2366341236634109,106.22,7034668,1788312502,2026-09-02T01:28:22Z,NYSE:DIS
28.52699762089418,1.3542870378486498,30.92368642621468,-3.873303167420816,111.5815,53.94321876028685,-1.2366341236634109,106.22,7034668,1788312680,2026-09-02T01:31:20Z,NYSE:DIS
28.52699762089418,1.3542870378486498,30.92368642621468,-3.873303167420816,111.5815,53.94321876028685,-1.2366341236634109,106.22,7034668,1788312864,2026-09-02T01:34:24Z,NYSE:DIS
28.52699762089418,1.3542870378486498,30.92368642621468,-3.873303167420816,111.5815,53.94321876028685,-1.2366341236634109,106.22,7034668,1788313042,2026-09-02T01:37:22Z,NYSE:DIS
28.52699762089418,1.3542870378486498,30.92368642621468,-3.873303167420816,111.5815,53.94321876028685,-1.2366341236634109,106.22,7034668,1788313219,2026-09-02T01:40:19Z,NYSE:DIS
28.52699762089418,1.3542870378486498,30.92368642621468,-3.873303167420816,111.5815,53.94321876028685,-1.2366341236634109,106.22,7034668,1788313398,2026-09-02T01:43:18Z,NYSE:DIS
28.52699762089418,1.3542870378486498,30.92368642621468,-3.873303167420816,111.5815,53.94321876028685,-1.2366341236634109,106.22,7034668,1788313580,2026-09-02T01:46:20Z,NYSE:DIS
28.52699762089418,1.3542870378486498,30.92368642621468,-3.873303167420816,111.5815,53.94321876028685,-1.2366341236634109,106.22,7034668,1788313763,2026-09-02T01:49:23Z,NYSE:DIS
28.52699762089418,1.3542870378486498,30.92368642621468,-3.873303167420816,111.5815,53.94321876028685,-1.2366341236634109,106.22,7034668,1788313944,2026-09-02T01:52:24Z,NYSE:DIS
28.52699762089418,1.3542870378486498,30.92368642621468,-3.873303167420816,111.5815,53.94321876028685,-1.2366341236634109,106.22,7034668,1788314121,2026-09-02T01:55:21Z,NYSE:DIS
28.52699762089418,1.3542870378486498,30.92368642621468,-3.873303167420816,111.5815,53.94321876028685,-1.2366341236634109,106.22,7034668,1788314301,2026-09-02T01:58:21Z,NYSE:DIS
28.52699762089418,1.3542870378486498,30.92368642621468,-3.873303167420816,111.5815,53.94321876028685,-1.2366341236634109,106.22,7034668,1788314479,2026-09-02T02:01:19Z,NYSE:DIS
28.52699762089418,1.3542870378486498,30.92368642621468,-3.873303167420816,111.5815,53.94321876028685,-1.2366341236634109,106.22,7034668,1788314663,2026-09-02T02:04:23Z,NYSE:DIS
28.52699762089418,1.3542870378486498,30.92368642621468,-3.873303167420816,111.5815,53.94321876028685,-1.2366341236634109,106.22,7034668,1788314839,2026-09-02T02:07:19Z,NYSE:DIS
28.52699762089418,1.3542870378486498,30.92368642621468,-3.873303167420816,111.5815,53.94321876028685,-1.2366341236634109,106.22,7034668,1788315023,2026-09-02T02:10:23Z,NYSE:DIS
28.52699762089418,1.3542870378486498,30.92368642621468,-3.873303167420816,111.5815,53.94321876028685,-1.2366341236634109,106.22,7034668,1788315205,2026-09-02T02:13:25Z,NYSE:DIS
28.52699762089418,1.3542870378486498,30.92368642621468,-3.873303167420816,111.5815,53.94321876028685,-1.2366341236634109,106.22,7034668,1788315381,2026-09-02T02:16:21Z,NYSE:DIS
28.52699762089418,1.3542870378486498,30.92368642621468,-3.873303167420816,111.5815,53.94321876028685,-1.2366341236634109,106.22,7034668,1788315561,2026-09-02T02:19:21Z,NYSE:DIS
28.52699762089418,1.3542870378486498,30.92368642621468,-3.873303167420816,111.5815,53.94321876028685,-1.2366341236634109,106.22,7034668,1788315744,2026-09-02T02:22:24Z,NYSE:DIS
28.52699762089418,1.3542870378486498,30.92368642621468,-3.873303167420816,111.5815,53.94321876028685,-1.2366341236634109,106.22,7034668,1788315919,2026-09-02T02:25:19Z,NYSE:DIS
28.52699762089418,1.3542870378486498,30.92368642621468,-3.873303167420816,111.5815,53.94321876028685,-1.2366341236634109,106.22,7034668,1788316103,2026-09-02T02:28:23Z,NYSE:DIS
28.52699762089418,1.3542870378486498,30.92368642621468,-3.873303167420816,111.5815,53.94321876028685,-1.2366341236634109,106.22,7034668,1788316280,2026-09-02T02:31:20Z,NYSE:DIS
28.52699762089418,1.3542870378486498,30.92368642621468,-3.873303167420816,111.5815,53.94321876028685,-1.2366341236634109,106.22,7034668,1788316462,2026-09-02T02:34:22Z,NYSE:DIS
28.52699762089418,1.3542870378486498,30.92368642621468,-3.873303167420816,111.5815,53.94321876028685,-1.2366341236634109,106.22,7034668,1788316640,2026-09-02T02:37:20Z,NYSE:DIS
28.52699762089418,1.3542870378486498,30.92368642621468,-3.873303167420816,111.5815,53.94321876028685,-1.2366341236634109,106.22,7034668,1788316823,2026-09-02T02:40:23Z,NYSE:DIS
28.52699762089418,1.3542870378486498,30.92368642621468,-3.873303167420816,111.5815,53.94321876028685,-1.2366341236634109,106.22,7034668,1788316996,2026-09-02T02:43:16Z,NYSE:DIS
28.52699762089418,1.3542870378486498,30.92368642621468,-3.873303167420816,111.5815,53.94321876028685,-1.2366341236634109,106.22,7034668,1788317183,2026-09-02T02:46:23Z,NYSE:DIS
28.52699762089418,1.3542870378486498,30.92368642621468,-3.873303167420816,111.5815,53.94321876028685,-1.2366341236634109,106.22,7034668,1788317362,2026-09-02T02:49:22Z,NYSE:DIS
28.52699762089418,1.3542870378486498,30.92368642621468,-3.873303167420816,111.5815,53.94321876028685,-1.2366341236634109,106.22,7034668,1788317538,2026-09-02T02:52:18Z,NYSE:DIS
28.52699762089418,1.3542870378486498,30.92368642621468,-3.873303167420816,111.5815,53.94321876028685,-1.2366341236634109,106.22,7034668,1788317721,2026-09-02T02:55:21Z,NYSE:DIS
28.52699762089418,1.3542870378486498,30.92368642621468,-3.873303167420816,111.5815,53.94321876028685,-1.2366341236634109,106.22,7034668,1788317896,2026-09-02T02:58:16Z,NYSE:DIS
28.52699762089418,1.3542870378486498,30.92368642621468,-3.873303167420816,111.5815,53.94321876028685,-1.2366341236634109,106.22,7034668,1788318082,2026-09-02T03:01:22Z,NYSE:DIS
28.52699762089418,1.3542870378486498,30.92368642621468,-3.873303167420816,111.5815,53.94321876028685,-1.2366341236634109,106.22,7034668,1788318256,2026-09-02T03:04:16Z,NYSE:DIS
28.52699762089418,1.3542870378486498,30.92368642621468,-3.873303167420816,111.5815,53.94321876028685,-1.2366341236634109,106.22,7034668,1788318446,2026-09-02T03:07:26Z,NYSE:DIS
28.52699762089418,1.3542870378486498,30.92368642621468,-3.873303167420816,111.5815,53.94321876028685,-1.2366341236634109,106.22,7034668,1788318618,2026-09-02T03:10:18Z,NYSE:DIS
28.52699762089418,1.3542870378486498,30.92368642621468,-3.873303167420816,111.5815,53.94321876028685,-1.2366341236634109,106.22,7034668,1788318799,2026-09-02T03:13:19Z,NYSE:DIS
28.52699762089418,1.3542870378486498,30.92368642621468,-3.873303167420816,111.5815,53.94321876028685,-1.2366341236634109,106.22,7034668,1788318981,2026-09-02T03:16:21Z,NYSE:DIS
28.52699762089418,1.3542870378486498,30.92368642621468,-3.873303167420816,111.5815,53.94321876028685,-1.2366341236634109,106.22,7034668,1788319162,2026-09-02T03:19:22Z,NYSE:DIS
28.52699762089418,1.3542870378486498,30.92368642621468,-3.873303167420816,111.5815,53.94321876028685,-1.2366341236634109,106.22,7034668,1788319338,2026-09-02T03:22:18Z,NYSE:DIS
28.52699762089418,1.3542870378486498,30.92368642621468,-3.873303167420816,111.5815,53.94321876028685,-1.2366341236634109,106.22,7034668,1788319524,2026-09-02T03:25:24Z,NYSE:DIS
28.52699762089418,1.3542870378486498,30.92368642621468,-3.873303167420816,111.5815,53.94321876028685,-1.2366341236634109,106.22,7034668,1788319697,2026-09-02T03:28:17Z,NYSE:DIS
28.52699762089418,1.3542870378486498,30.92368642621468,-3.873303167420816,111.5815,53.94321876028685,-1.2366341236634109,106.22,7034668,1788319885,2026-09-02T03:31:25Z,NYSE:DIS
28.52699762089418,1.3542870378486498,30.92368642621468,-3.873303167420816,111.5815,53.94321876028685,-1.2366341236634109,106.22,7034668,1788320064,2026-09-02T03:34:24Z,NYSE:DIS
28.52699762089418,1.3542870378486498,30.92368642621468,-3.873303167420816,111.5815,53.94321876028685,-1.2366341236634109,106.22,7034668,1788320238,2026-09-02T03:37:18Z,NYSE:DIS
28.52699762089418,1.3542870378486498,30.92368642621468,-3.873303167420816,111.5815,53.94321876028685,-1.2366341236634109,106.22,7034668,1788320424,2026-09-02T03:40:24Z,NYSE:DIS
28.52699762089418,1.3542870378486498,30.92368642621468,-3.873303167420816,111.5815,53.94321876028685,-1.2366341236634109,106.22,7034668,1788320599,2026-09-02T03:43:19Z,NYSE:DIS
28.52699762089418,1.3542870378486498,30.92368642621468,-3.873303167420816,111.5815,53.94321876028685,-1.2366341236634109,106.22,7034668,1788320778,2026-09-02T03:46:18Z,NYSE:DIS
28.52699762089418,1.3542870378486498,30.92368642621468,-3.873303167420816,111.5815,53.94321876028685,-1.2366341236634109,106.22,7034668,1788320959,2026-09-02T03:49:19Z,NYSE:DIS
28.52699762089418,1.3542870378486498,30.92368642621468,-3.873303167420816,111.5815,53.94321876028685,-1.2366341236634109,106.22,7034668,1788321138,2026-09-02T03:52:18Z,NYSE:DIS
28.52699762089418,1.3542870378486498,30.92368642621468,-3.873303167420816,111.5815,53.94321876028685,-1.2366341236634109,106.22,7034668,1788321322,2026-09-02T03:55:22Z,NYSE:DIS
28.52699762089418,1.3542870378486498,30.92368642621468,-3.873303167420816,111.5815,53.94321876028685,-1.2366341236634109,106.22,7034668,1788321502,2026-09-02T03:58:22Z,NYSE:DIS
28.52699762089418,1.3542870378486498,30.92368642621468,-3.873303167420816,111.5815,53.94321876028685,-1.2366341236634109,106.22,7034668,1788321681,2026-09-02T04:01:21Z,NYSE:DIS
28.52699762089418,1.3542870378486498,30.92368642621468,-3.873303167420816,111.5815,53.94321876028685,-1.2366341236634109,106.22,7034668,1788321858,2026-09-02T04:04:18Z,NYSE:DIS
28.52699762089418,1.3542870378486498,30.92368642621468,-3.873303167420816,111.5815,53.94321876028685,-1.2366341236634109,106.22,7034668,1788322041,2026-09-02T04:07:21Z,NYSE:DIS
28.52699762089418,1.3542870378486498,30.92368642621468,-3.873303167420816,111.5815,53.94321876028685,-1.2366341236634109,106.22,7034668,1788322223,2026-09-02T04:10:23Z,NYSE:DIS
28.52699762089418,1.3542870378486498,30.92368642621468,-3.873303167420816,111.5815,53.94321876028685,-1.2366341236634109,106.22,7034668,1788322400,2026-09-02T04:13:20Z,NYSE:DIS
28.52699762089418,1.3542870378486498,30.92368642621468,-3.873303167420816,111.5815,53.94321876028685,-1.2366341236634109,106.22,7034668,1788322582,2026-09-02T04:16:22Z,NYSE:DIS
28.52699762089418,1.3542870378486498,30.92368642621468,-3.873303167420816,111.5815,53.94321876028685,-1.2366341236634109,106.22,7034668,1788322762,2026-09-02T04:19:22Z,NYSE:DIS
28.52699762089418,1.3542870378486498,30.92368642621468,-3.873303167420816,111.5815,53.94321876028685,-1.2366341236634109,106.22,7034668,1788322939,2026-09-02T04:22:19Z,NYSE:DIS
28.52699762089418,1.3542870378486498,30.92368642621468,-3.873303167420816,111.5815,53.94321876028685,-1.2366341236634109,106.22,7034668,1788323123,2026-09-02T04:25:23Z,NYSE:DIS
28.52699762089418,1.3542870378486498,30.92368642621468,-3.873303167420816,111.5815,53.94321876028685,-1.2366341236634109,106.22,7034668,1788323295,2026-09-02T04:28:15Z,NYSE:DIS
28.52699762089418,1.3542870378486498,30.92368642621468,-3.873303167420816,111.5815,53.94321876028685,-1.2366341236634109,106.22,7034668,1788323482,2026-09-02T04:31:22Z,NYSE:DIS
28.52699762089418,1.3542870378486498,30.92368642621468,-3.873303167420816,111.5815,53.94321876028685,-1.2366341236634109,106.22,7034668,1788323661,2026-09-02T04:34:21Z,NYSE:DIS
28.52699762089418,1.3542870378486498,30.92368642621468,-3.873303167420816,111.5815,53.94321876028685,-1.2366341236634109,106.22,7034668,1788323834,2026-09-02T04:37:14Z,NYSE:DIS
28.52699762089418,1.3542870378486498,30.92368642621468,-3.873303167420816,111.5815,53.94321876028685,-1.2366341236634109,106.22,7034668,1788324021,2026-09-02T04:40:21Z,NYSE:DIS
28.52699762089418,1.3542870378486498,30.92368642621468,-3.873303167420816,111.5815,53.94321876028685,-1.2366341236634109,106.22,7034668,1788324200,2026-09-02T04:43:20Z,NYSE:DIS
28.52699762089418,1.3542870378486498,30.92368642621468,-3.873303167420816,111.5815,53.94321876028685,-1.2366341236634109,106.22,7034668,1788324380,2026-09-02T04:46:20Z,NYSE:DIS
28.52699762089418,1.3542870378486498,30.92368642621468,-3.873303167420816,111.5815,53.94321876028685,-1.2366341236634109,106.22,7034668,1788324560,2026-09-02T04:49:20Z,NYSE:DIS
28.52699762089418,1.3542870378486498,30.92368642621468,-3.873303167420816,111.5815,53.94321876028685,-1.2366341236634109,106.22,7034668,1788324739,2026-09-02T04:52:19Z,NYSE:DIS
28.52699762089418,1.3542870378486498,30.92368642621468,-3.873303167420816,111.5815,53.94321876028685,-1.2366341236634109,106.22,7034668,1788324919,2026-09-02T04:55:19Z,NYSE:DIS
28.52699762089418,1.3542870378486498,30.92368642621468,-3.873303167420816,111.5815,53.94321876028685,-1.2366341236634109,106.22,7034668,1788325096,2026-09-02T04:58:16Z,NYSE:DIS
28.52699762089418,1.3542870378486498,30.92368642621468,-3.873303167420816,111.5815,53.94321876028685,-1.2366341236634109,106.22,7034668,1788325282,2026-09-02T05:01:22Z,NYSE:DIS
28.52699762089418,1.3542870378486498,30.92368642621468,-3.873303167420816,111.5815,53.94321876028685,-1.2366341236634109,106.22,7034668,1788325459,2026-09-02T05:04:19Z,NYSE:DIS
28.52699762089418,1.3542870378486498,30.92368642621468,-3.873303167420816,111.5815,53.94321876028685,-1.2366341236634109,106.22,7034668,1788325638,2026-09-02T05:07:18Z,NYSE:DIS
28.52699762089418,1.3542870378486498,30.92368642621468,-3.873303167420816,111.5815,53.94321876028685,-1.2366341236634109,106.22,7034668,1788325821,2026-09-02T05:10:21Z,NYSE:DIS
28.52699762089418,1.3542870378486498,30.92368642621468,-3.873303167420816,111.5815,53.94321876028685,-1.2366341236634109,106.22,7034668,1788326001,2026-09-02T05:13:21Z,NYSE:DIS
28.52699762089418,1.3542870378486498,30.92368642621468,-3.873303167420816,111.5815,53.94321876028685,-1.2366341236634109,106.22,7034668,1788326182,2026-09-02T05:16:22Z,NYSE:DIS
28.52699762089418,1.3542870378486498,30.92368642621468,-3.873303167420816,111.5815,53.94321876028685,-1.2366341236634109,106.22,7034668,1788326361,2026-09-02T05:19:21Z,NYSE:DIS
28.52699762089418,1.3542870378486498,30.92368642621468,-3.873303167420816,111.5815,53.94321876028685,-1.2366341236634109,106.22,7034668,1788326539,2026-09-02T05:22:19Z,NYSE:DIS
28.52699762089418,1.3542870378486498,30.92368642621468,-3.873303167420816,111.5815,53.94321876028685,-1.2366341236634109,106.22,7034668,1788326717,2026-09-02T05:25:17Z,NYSE:DIS
28.52699762089418,1.3542870378486498,30.92368642621468,-3.873303167420816,111.5815,53.94321876028685,-1.2366341236634109,106.22,7034668,1788326900,2026-09-02T05:28:20Z,NYSE:DIS
28.52699762089418,1.3542870378486498,30.92368642621468,-3.873303167420816,111.5815,53.94321876028685,-1.2366341236634109,106.22,7034668,1788327078,2026-09-02T05:31:18Z,NYSE:DIS
28.52699762089418,1.3542870378486498,30.92368642621468,-3.873303167420816,111.5815,53.94321876028685,-1.2366341236634109,106.22,7034668,1788327259,2026-09-02T05:34:19Z,NYSE:DIS
28.52699762089418,1.3542870378486498,30.92368642621468,-3.873303167420816,111.5815,53.94321876028685,-1.2366341236634109,106.22,7034668,1788327440,2026-09-02T05:37:20Z,NYSE:DIS
28.52699762089418,1.3542870378486498,30.92368642621468,-3.873303167420816,111.5815,53.94321876028685,-1.2366341236634109,106.22,7034668,1788327620,2026-09-02T05:40:20Z,NYSE:DIS
28.52699762089418,1.3542870378486498,30.92368642621468,-3.873303167420816,111.5815,53.94321876028685,-1.2366341236634109,106.22,7034668,1788327800,2026-09-02T05:43:20Z,NYSE:DIS
28.52699762089418,1.3542870378486498,30.92368642621468,-3.873303167420816,111.5815,53.94321876028685,-1.2366341236634109,106.22,7034668,1788327982,2026-09-02T05:46:22Z,NYSE:DIS
28.52699762089418,1.3542870378486498,30.92368642621468,-3.873303167420816,111.5815,53.94321876028685,-1.2366341236634109,106.22,7034668,1788328160,2026-09-02T05:49:20Z,NYSE:DIS
28.52699762089418,1.3542870378486498,30.92368642621468,-3.873303167420816,111.5815,53.94321876028685,-1.2366341236634109,106.22,7034668,1788328338,2026-09-02T05:52:18Z,NYSE:DIS
28.52699762089418,1.3542870378486498,30.92368642621468,-3.873303167420816,111.5815,53.94321876028685,-1.2366341236634109,106.22,7034668,1788328522,2026-09-02T05:55:22Z,NYSE:DIS
28.52699762089418,1.3542870378486498,30.92368642621468,-3.873303167420816,111.5815,53.94321876028685,-1.2366341236634109,106.22,7034668,1788328699,2026-09-02T05:58:19Z,NYSE:DIS
28.52699762089418,1.3542870378486498,30.92368642621468,-3.873303167420816,111.5815,53.94321876028685,-1.2366341236634109,106.22,7034668,1788328882,2026-09-02T06:01:22Z,NYSE:DIS
28.52699762089418,1.3542870378486498,30.92368642621468,-3.873303167420816,111.5815,53.94321876028685,-1.2366341236634109,106.22,7034668,1788329061,2026-09-02T06:04:21Z,NYSE:DIS
28.52699762089418,1.3542870378486498,30.92368642621468,-3.873303167420816,111.5815,53.94321876028685,-1.2366341236634109,106.22,7034668,1788329241,2026-09-02T06:07:21Z,NYSE:DIS
28.52699762089418,1.3542870378486498,30.92368642621468,-3.873303167420816,111.5815,53.94321876028685,-1.2366341236634109,106.22,7034668,1788329422,2026-09-02T06:10:22Z,NYSE:DIS
28.52699762089418,1.3542870378486498,30.92368642621468,-3.873303167420816,111.5815,53.94321876028685,-1.2366341236634109,106.22,7034668,1788329599,2026-09-02T06:13:19Z,NYSE:DIS
28.52699762089418,1.3542870378486498,30.92368642621468,-3.873303167420816,111.5815,53.94321876028685,-1.2366341236634109,106.22,7034668,1788329780,2026-09-02T06:16:20Z,NYSE:DIS
28.52699762089418,1.3542870378486498,30.92368642621468,-3.873303167420816,111.5815,53.94321876028685,-1.2366341236634109,106.22,7034668,1788329958,2026-09-02T06:19:18Z,NYSE:DIS
28.52699762089418,1.3542870378486498,30.92368642621468,-3.873303167420816,111.5815,53.94321876028685,-1.2366341236634109,106.22,7034668,1788330142,2026-09-02T06:22:22Z,NYSE:DIS
28.52699762089418,1.3542870378486498,30.92368642621468,-3.873303167420816,111.5815,53.94321876028685,-1.2366341236634109,106.22,7034668,1788330319,2026-09-02T06:25:19Z,NYSE:DIS
28.52699762089418,1.3542870378486498,30.92368642621468,-3.873303167420816,111.5815,53.94321876028685,-1.2366341236634109,106.22,7034668,1788330499,2026-09-02T06:28:19Z,NYSE:DIS
28.52699762089418,1.3542870378486498,30.92368642621468,-3.873303167420816,111.5815,53.94321876028685,-1.2366341236634109,106.22,7034668,1788330681,2026-09-02T06:31:21Z,NYSE:DIS
28.52699762089418,1.3542870378486498,30.92368642621468,-3.873303167420816,111.5815,53.94321876028685,-1.2366341236634109,106.22,7034668,1788330859,2026-09-02T06:34:19Z,NYSE:DIS
28.52699762089418,1.3542870378486498,30.92368642621468,-3.873303167420816,111.5815,53.94321876028685,-1.2366341236634109,106.22,7034668,1788331039,2026-09-02T06:37:19Z,NYSE:DIS
28.52699762089418,1.3542870378486498,30.92368642621468,-3.873303167420816,111.5815,53.94321876028685,-1.2366341236634109,106.22,7034668,1788331220,2026-09-02T06:40:20Z,NYSE:DIS
28.52699762089418,1.3542870378486498,30.92368642621468,-3.873303167420816,111.5815,53.94321876028685,-1.2366341236634109,106.22,7034668,1788331400,2026-09-02T06:43:20Z,NYSE:DIS
28.52699762089418,1.3542870378486498,30.92368642621468,-3.873303167420816,111.5815,53.94321876028685,-1.2366341236634109,106.22,7034668,1788331577,2026-09-02T06:46:17Z,NYSE:DIS
28.52699762089418,1.3542870378486498,30.92368642621468,-3.873303167420816,111.5815,53.94321876028685,-1.2366341236634109,106.22,7034668,1788331759,2026-09-02T06:49:19Z,NYSE:DIS
28.52699762089418,1.3542870378486498,30.92368642621468,-3.873303167420816,111.5815,53.94321876028685,-1.2366341236634109,106.22,7034668,1788331938,2026-09-02T06:52:18Z,NYSE:DIS
28.52699762089418,1.3542870378486498,30.92368642621468,-3.873303167420816,111.5815,53.94321876028685,-1.2366341236634109,106.22,7034668,1788332120,2026-09-02T06:55:20Z,NYSE:DIS
28.52699762089418,1.3542870378486498,30.92368642621468,-3.873303167420816,111.5815,53.94321876028685,-1.2366341236634109,106.22,7034668,1788332298,2026-09-02T06:58:18Z,NYSE:DIS
28.52699762089418,1.3542870378486498,30.92368642621468,-3.873303167420816,111.5815,53.94321876028685,-1.2366341236634109,106.22,7034668,1788332480,2026-09-02T07:01:20Z,NYSE:DIS
28.52699762089418,1.3542870378486498,30.92368642621468,-3.873303167420816,111.5815,53.94321876028685,-1.2366341236634109,106.22,7034668,1788332658,2026-09-02T07:04:18Z,NYSE:DIS
28.52699762089418,1.3542870378486498,30.92368642621468,-3.873303167420816,111.5815,53.94321876028685,-1.2366341236634109,106.22,7034668,1788332842,2026-09-02T07:07:22Z,NYSE:DIS
28.52699762089418,1.3542870378486498,30.92368642621468,-3.873303167420816,111.5815,53.94321876028685,-1.2366341236634109,106.22,7034668,1788333017,2026-09-02T07:10:17Z,NYSE:DIS
28.52699762089418,1.3542870378486498,30.92368642621468,-3.873303167420816,111.5815,53.94321876028685,-1.2366341236634109,106.22,7034668,1788333200,2026-09-02T07:13:20Z,NYSE:DIS
28.52699762089418,1.3542870378486498,30.92368642621468,-3.873303167420816,111.5815,53.94321876028685,-1.2366341236634109,106.22,7034668,1788333377,2026-09-02T07:16:17Z,NYSE:DIS
28.52699762089418,1.3542870378486498,30.92368642621468,-3.873303167420816,111.5815,53.94321876028685,-1.2366341236634109,106.22,7034668,1788333560,2026-09-02T07:19:20Z,NYSE:DIS
28.52699762089418,1.3542870378486498,30.92368642621468,-3.873303167420816,111.5815,53.94321876028685,-1.2366341236634109,106.22,7034668,1788333742,2026-09-02T07:22:22Z,NYSE:DIS
28.52699762089418,1.3542870378486498,30.92368642621468,-3.873303167420816,111.5815,53.94321876028685,-1.2366341236634109,106.22,7034668,1788333917,2026-09-02T07:25:17Z,NYSE:DIS
28.52699762089418,1.3542870378486498,30.92368642621468,-3.873303167420816,111.5815,53.94321876028685,-1.2366341236634109,106.22,7034668,1788334098,2026-09-02T07:28:18Z,NYSE:DIS
28.52699762089418,1.3542870378486498,30.92368642621468,-3.873303167420816,111.5815,53.94321876028685,-1.2366341236634109,106.22,7034668,1788334283,2026-09-02T07:31:23Z,NYSE:DIS
28.52699762089418,1.3542870378486498,30.92368642621468,-3.873303167420816,111.5815,53.94321876028685,-1.2366341236634109,106.22,7034668,1788334464,2026-09-02T07:34:24Z,NYSE:DIS
28.52699762089418,1.3542870378486498,30.92368642621468,-3.873303167420816,111.5815,53.94321876028685,-1.2366341236634109,106.22,7034668,1788334641,2026-09-02T07:37:21Z,NYSE:DIS
28.52699762089418,1.3542870378486498,30.92368642621468,-3.873303167420816,111.5815,53.94321876028685,-1.2366341236634109,106.22,7034668,1788334816,2026-09-02T07:40:16Z,NYSE:DIS
28.52699762089418,1.3542870378486498,30.92368642621468,-3.873303167420816,111.5815,53.94321876028685,-1.2366341236634109,106.22,7034668,1788334999,2026-09-02T07:43:19Z,NYSE:DIS
28.52699762089418,1.3542870378486498,30.92368642621468,-3.873303167420816,111.5815,53.94321876028685,-1.2366341236634109,106.22,7034668,1788335178,2026-09-02T07:46:18Z,NYSE:DIS
28.52699762089418,1.3542870378486498,30.92368642621468,-3.873303167420816,111.5815,53.94321876028685,-1.2366341236634109,106.22,7034668,1788335359,2026-09-02T07:49:19Z,NYSE:DIS
28.52699762089418,1.3542870378486498,30.92368642621468,-3.873303167420816,111.5815,53.94321876028685,-1.2366341236634109,106.22,7034668,1788335541,2026-09-02T07:52:21Z,NYSE:DIS
28.52699762089418,1.3542870378486498,30.92368642621468,-3.873303167420816,111.5815,53.94321876028685,-1.2366341236634109,106.22,7034668,1788335720,2026-09-02T07:55:20Z,NYSE:DIS
28.52699762089418,1.3542870378486498,30.92368642621468,-3.873303167420816,111.5815,53.94321876028685,-1.2366341236634109,106.22,7034668,1788335899,2026-09-02T07:58:19Z,NYSE:DIS
28.52699762089418,1.3542870378486498,30.92368642621468,-3.873303167420816,111.5815,53.94321876028685,-1.2366341236634109,106.22,7034668,1788336076,2026-09-02T08:01:16Z,NYSE:DIS
28.52699762089418,1.3542870378486498,30.92368642621468,-3.873303167420816,111.5815,53.94321876028685,-1.2366341236634109,106.22,7034668,1788336261,2026-09-02T08:04:21Z,NYSE:DIS
28.52699762089418,1.3542870378486498,30.92368642621468,-3.873303167420816,111.5815,53.94321876028685,-1.2366341236634109,106.22,7034668,1788336444,2026-09-02T08:07:24Z,NYSE:DIS
28.52699762089418,1.3542870378486498,30.92368642621468,-3.873303167420816,111.5815,53.94321876028685,-1.2366341236634109,106.22,7034668,1788336625,2026-09-02T08:10:25Z,NYSE:DIS
28.52699762089418,1.3542870378486498,30.92368642621468,-3.873303167420816,111.5815,53.94321876028685,-1.2366341236634109,106.22,7034668,1788336802,2026-09-02T08:13:22Z,NYSE:DIS
28.52699762089418,1.3542870378486498,30.92368642621468,-3.873303167420816,111.5815,53.94321876028685,-1.2366341236634109,106.22,7034668,1788336984,2026-09-02T08:16:24Z,NYSE:DIS
28.52699762089418,1.3542870378486498,30.92368642621468,-3.873303167420816,111.5815,53.94321876028685,-1.2366341236634109,106.22,7034668,1788337159,2026-09-02T08:19:19Z,NYSE:DIS
28.52699762089418,1.3542870378486498,30.92368642621468,-3.873303167420816,111.5815,53.94321876028685,-1.2366341236634109,106.22,7034668,1788337341,2026-09-02T08:22:21Z,NYSE:DIS
28.52699762089418,1.3542870378486498,30.92368642621468,-3.873303167420816,111.5815,53.94321876028685,-1.2366341236634109,106.22,7034668,1788337517,2026-09-02T08:25:17Z,NYSE:DIS
28.52699762089418,1.3542870378486498,30.92368642621468,-3.873303167420816,111.5815,53.94321876028685,-1.2366341236634109,106.22,7034668,1788337700,2026-09-02T08:28:20Z,NYSE:DIS
28.52699762089418,1.3542870378486498,30.92368642621468,-3.873303167420816,111.5815,53.94321876028685,-1.2366341236634109,106.22,7034668,1788337879,2026-09-02T08:31:19Z,NYSE:DIS
28.52699762089418,1.3542870378486498,30.92368642621468,-3.873303167420816,111.5815,53.94321876028685,-1.2366341236634109,106.22,7034668,1788338063,2026-09-02T08:34:23Z,NYSE:DIS
28.52699762089418,1.3542870378486498,30.92368642621468,-3.873303167420816,111.5815,53.94321876028685,-1.2366341236634109,106.22,7034668,1788338237,2026-09-02T08:37:17Z,NYSE:DIS
28.52699762089418,1.3542870378486498,30.92368642621468,-3.873303167420816,111.5815,53.94321876028685,-1.2366341236634109,106.22,7034668,1788338419,2026-09-02T08:40:19Z,NYSE:DIS
28.52699762089418,1.3542870378486498,30.92368642621468,-3.873303167420816,111.5815,53.94321876028685,-1.2366341236634109,106.22,7034668,1788338599,2026-09-02T08:43:19Z,NYSE:DIS
28.52699762089418,1.3542870378486498,30.92368642621468,-3.873303167420816,111.5815,53.94321876028685,-1.2366341236634109,106.22,7034668,1788338784,2026-09-02T08:46:24Z,NYSE:DIS
28.52699762089418,1.3542870378486498,30.92368642621468,-3.873303167420816,111.5815,53.94321876028685,-1.2366341236634109,106.22,7034668,1788338956,2026-09-02T08:49:16Z,NYSE:DIS
28.52699762089418,1.3542870378486498,30.92368642621468,-3.873303167420816,111.5815,53.94321876028685,-1.2366341236634109,106.22,7034668,1788339145,2026-09-02T08:52:25Z,NYSE:DIS
28.52699762089418,1.3542870378486498,30.92368642621468,-3.873303167420816,111.5815,53.94321876028685,-1.2366341236634109,106.22,7034668,1788339318,2026-09-02T08:55:18Z,NYSE:DIS
28.52699762089418,1.3542870378486498,30.92368642621468,-3.873303167420816,111.5815,53.94321876028685,-1.2366341236634109,106.22,7034668,1788339499,2026-09-02T08:58:19Z,NYSE:DIS
28.52699762089418,1.3542870378486498,30.92368642621468,-3.873303167420816,111.5815,53.94321876028685,-1.2366341236634109,106.22,7034668,1788339681,2026-09-02T09:01:21Z,NYSE:DIS
28.52699762089418,1.3542870378486498,30.92368642621468,-3.873303167420816,111.5815,53.94321876028685,-1.2366341236634109,106.22,7034668,1788339858,2026-09-02T09:04:18Z,NYSE:DIS
28.52699762089418,1.3542870378486498,30.92368642621468,-3.873303167420816,111.5815,53.94321876028685,-1.2366341236634109,106.22,7034668,1788340040,2026-09-02T09:07:20Z,NYSE:DIS
28.52699762089418,1.3542870378486498,30.92368642621468,-3.873303167420816,111.5815,53.94321876028685,-1.2366341236634109,106.22,7034668,1788340219,2026-09-02T09:10:19Z,NYSE:DIS
28.52699762089418,1.3542870378486498,30.92368642621468,-3.873303167420816,111.5815,53.94321876028685,-1.2366341236634109,106.22,7034668,1788340403,2026-09-02T09:13:23Z,NYSE:DIS
28.52699762089418,1.3542870378486498,30.92368642621468,-3.873303167420816,111.5815,53.94321876028685,-1.2366341236634109,106.22,7034668,1788340581,2026-09-02T09:16:21Z,NYSE:DIS
28.52699762089418,1.3542870378486498,30.92368642621468,-3.873303167420816,111.5815,53.94321876028685,-1.2366341236634109,106.22,7034668,1788340764,2026-09-02T09:19:24Z,NYSE:DIS
28.52699762089418,1.3542870378486498,30.92368642621468,-3.873303167420816,111.5815,53.94321876028685,-1.2366341236634109,106.22,7034668,1788340940,2026-09-02T09:22:20Z,NYSE:DIS
28.52699762089418,1.3542870378486498,30.92368642621468,-3.873303167420816,111.5815,53.94321876028685,-1.2366341236634109,106.22,7034668,1788341121,2026-09-02T09:25:21Z,NYSE:DIS
28.52699762089418,1.3542870378486498,30.92368642621468,-3.873303167420816,111.5815,53.94321876028685,-1.2366341236634109,106.22,7034668,1788341300,2026-09-02T09:28:20Z,NYSE:DIS
28.52699762089418,1.3542870378486498,30.92368642621468,-3.873303167420816,111.5815,53.94321876028685,-1.2366341236634109,106.22,7034668,1788341479,2026-09-02T09:31:19Z,NYSE:DIS
28.52699762089418,1.3542870378486498,30.92368642621468,-3.873303167420816,111.5815,53.94321876028685,-1.2366341236634109,106.22,7034668,1788341661,2026-09-02T09:34:21Z,NYSE:DIS
28.52699762089418,1.3542870378486498,30.92368642621468,-3.873303167420816,111.5815,53.94321876028685,-1.2366341236634109,106.22,7034668,1788341838,2026-09-02T09:37:18Z,NYSE:DIS
28.52699762089418,1.3542870378486498,30.92368642621468,-3.873303167420816,111.5815,53.94321876028685,-1.2366341236634109,106.22,7034668,1788342022,2026-09-02T09:40:22Z,NYSE:DIS
28.52699762089418,1.3542870378486498,30.92368642621468,-3.873303167420816,111.5815,53.94321876028685,-1.2366341236634109,106.22,7034668,1788342203,2026-09-02T09:43:23Z,NYSE:DIS
28.52699762089418,1.3542870378486498,30.92368642621468,-3.873303167420816,111.5815,53.94321876028685,-1.2366341236634109,106.22,7034668,1788342384,2026-09-02T09:46:24Z,NYSE:DIS
28.52699762089418,1.3542870378486498,30.92368642621468,-3.873303167420816,111.5815,53.94321876028685,-1.2366341236634109,106.22,7034668,1788342557,2026-09-02T09:49:17Z,NYSE:DIS
28.52699762089418,1.3542870378486498,30.92368642621468,-3.873303167420816,111.5815,53.94321876028685,-1.2366341236634109,106.22,7034668,1788342743,2026-09-02T09:52:23Z,NYSE:DIS
28.52699762089418,1.3542870378486498,30.92368642621468,-3.873303167420816,111.5815,53.94321876028685,-1.2366341236634109,106.22,7034668,1788342920,2026-09-02T09:55:20Z,NYSE:DIS
28.52699762089418,1.3542870378486498,30.92368642621468,-3.873303167420816,111.5815,53.94321876028685,-1.2366341236634109,106.22,7034668,1788343101,2026-09-02T09:58:21Z,NYSE:DIS
28.52699762089418,1.3542870378486498,30.92368642621468,-3.873303167420816,111.5815,53.94321876028685,-1.2366341236634109,106.22,7034668,1788343280,2026-09-02T10:01:20Z,NYSE:DIS
28.52699762089418,1.3542870378486498,30.92368642621468,-3.873303167420816,111.5815,53.94321876028685,-1.2366341236634109,106.22,7034668,1788343459,2026-09-02T10:04:19Z,NYSE:DIS
28.52699762089418,1.3542870378486498,30.92368642621468,-3.873303167420816,111.5815,53.94321876028685,-1.2366341236634109,106.22,7034668,1788343642,2026-09-02T10:07:22Z,NYSE:DIS
28.52699762089418,1.3542870378486498,30.92368642621468,-3.873303167420816,111.5815,53.94321876028685,-1.2366341236634109,106.22,7034668,1788343816,2026-09-02T10:10:16Z,NYSE:DIS
28.52699762089418,1.3542870378486498,30.92368642621468,-3.873303167420816,111.5815,53.94321876028685,-1.2366341236634109,106.22,7034668,1788344001,2026-09-02T10:13:21Z,NYSE:DIS
28.52699762089418,1.3542870378486498,30.92368642621468,-3.873303167420816,111.5815,53.94321876028685,-1.2366341236634109,106.22,7034668,1788344179,2026-09-02T10:16:19Z,NYSE:DIS
28.52699762089418,1.3542870378486498,30.92368642621468,-3.873303167420816,111.5815,53.94321876028685,-1.2366341236634109,106.22,7034668,1788344358,2026-09-02T10:19:18Z,NYSE:DIS
28.52699762089418,1.3542870378486498,30.92368642621468,-3.873303167420816,111.5815,53.94321876028685,-1.2366341236634109,106.22,7034668,1788344543,2026-09-02T10:22:23Z,NYSE:DIS
28.52699762089418,1.3542870378486498,30.92368642621468,-3.873303167420816,111.5815,53.94321876028685,-1.2366341236634109,106.22,7034768,1788344716,2026-09-02T10:25:16Z,NYSE:DIS
28.52699762089418,1.3542870378486498,30.92368642621468,-3.873303167420816,111.5815,53.94321876028685,-1.2366341236634109,106.22,7034768,1788344902,2026-09-02T10:28:22Z,NYSE:DIS
28.52699762089418,1.3542870378486498,30.92368642621468,-3.873303167420816,111.5815,53.94321876028685,-1.2366341236634109,106.22,7034768,1788345085,2026-09-02T10:31:25Z,NYSE:DIS
28.52699762089418,1.3542870378486498,30.92368642621468,-3.873303167420816,111.5815,53.94321876028685,-1.2366341236634109,106.22,7034768,1788345257,2026-09-02T10:34:17Z,NYSE:DIS
28.52699762089418,1.3542870378486498,30.92368642621468,-3.873303167420816,111.5815,53.94321876028685,-1.2366341236634109,106.22,7034768,1788345441,2026-09-02T10:37:21Z,NYSE:DIS
28.52699762089418,1.3542870378486498,30.92368642621468,-3.873303167420816,111.5815,53.94321876028685,-1.2366341236634109,106.22,7034768,1788345622,2026-09-02T10:40:22Z,NYSE:DIS
28.52699762089418,1.3542870378486498,30.92368642621468,-3.873303167420816,111.5815,53.94321876028685,-1.2366341236634109,106.22,7034768,1788345800,2026-09-02T10:43:20Z,NYSE:DIS
28.52699762089418,1.3542870378486498,30.92368642621468,-3.873303167420816,111.5815,53.94321876028685,-1.2366341236634109,106.22,7034768,1788345976,2026-09-02T10:46:16Z,NYSE:DIS
28.52699762089418,1.3542870378486498,30.92368642621468,-3.873303167420816,111.5815,53.94321876028685,-1.2366341236634109,106.22,7034768,1788346159,2026-09-02T10:49:19Z,NYSE:DIS
28.52699762089418,1.3542870378486498,30.92368642621468,-3.873303167420816,111.5815,53.94321876028685,-1.2366341236634109,106.22,7034768,1788346339,2026-09-02T10:52:19Z,NYSE:DIS
28.52699762089418,1.3542870378486498,30.92368642621468,-3.873303167420816,111.5815,53.94321876028685,-1.2366341236634109,106.22,7034768,1788346523,2026-09-02T10:55:23Z,NYSE:DIS
28.52699762089418,1.3542870378486498,30.92368642621468,-3.873303167420816,111.5815,53.94321876028685,-1.2366341236634109,106.22,7034768,1788346702,2026-09-02T10:58:22Z,NYSE:DIS
28.52699762089418,1.3542870378486498,30.92368642621468,-3.873303167420816,111.5815,53.94321876028685,-1.2366341236634109,106.22,7034768,1788346879,2026-09-02T11:01:19Z,NYSE:DIS
28.52699762089418,1.3542870378486498,30.92368642621468,-3.873303167420816,111.5815,53.94321876028685,-1.2366341236634109,106.22,7034768,1788347063,2026-09-02T11:04:23Z,NYSE:DIS
28.52699762089418,1.3542870378486498,30.92368642621468,-3.873303167420816,111.5815,53.94321876028685,-1.2366341236634109,106.22,7034768,1788347244,2026-09-02T11:07:24Z,NYSE:DIS
28.52699762089418,1.3542870378486498,30.92368642621468,-3.873303167420816,111.5815,53.94321876028685,-1.2366341236634109,106.22,7034768,1788347424,2026-09-02T11:10:24Z,NYSE:DIS
28.52699762089418,1.3542870378486498,30.92368642621468,-3.873303167420816,111.5815,53.94321876028685,-1.2366341236634109,106.22,7034768,1788347601,2026-09-02T11:13:21Z,NYSE:DIS
28.52699762089418,1.3542870378486498,30.92368642621468,-3.873303167420816,111.5815,53.94321876028685,-1.2366341236634109,106.22,7034768,1788347777,2026-09-02T11:16:17Z,NYSE:DIS
28.52699762089418,1.3542870378486498,30.92368642621468,-3.873303167420816,111.5815,53.94321876028685,-1.2366341236634109,106.22,7034768,1788347959,2026-09-02T11:19:19Z,NYSE:DIS
28.52699762089418,1.3542870378486498,30.92368642621468,-3.873303167420816,111.5815,53.94321876028685,-1.2366341236634109,106.22,7034768,1788348141,2026-09-02T11:22:21Z,NYSE:DIS
28.52699762089418,1.3542870378486498,30.92368642621468,-3.873303167420816,111.5815,53.94321876028685,-1.2366341236634109,106.22,7034768,1788348321,2026-09-02T11:25:21Z,NYSE:DIS
28.52699762089418,1.3542870378486498,30.92368642621468,-3.873303167420816,111.5815,53.94321876028685,-1.2366341236634109,106.22,7034768,1788348501,2026-09-02T11:28:21Z,NYSE:DIS
28.52699762089418,1.3542870378486498,30.92368642621468,-3.873303167420816,111.5815,53.94321876028685,-1.2366341236634109,106.22,7034768,1788348678,2026-09-02T11:31:18Z,NYSE:DIS
28.52699762089418,1.3542870378486498,30.92368642621468,-3.873303167420816,111.5815,53.94321876028685,-1.2366341236634109,106.22,7034768,1788348862,2026-09-02T11:34:22Z,NYSE:DIS
28.52699762089418,1.3542870378486498,30.92368642621468,-3.873303167420816,111.5815,53.94321876028685,-1.2366341236634109,106.22,7034768,1788349037,2026-09-02T11:37:17Z,NYSE:DIS
28.52699762089418,1.3542870378486498,30.92368642621468,-3.873303167420816,111.5815,53.94321876028685,-1.2366341236634109,106.22,7034768,1788349222,2026-09-02T11:40:22Z,NYSE:DIS
28.52699762089418,1.3542870378486498,30.92368642621468,-3.873303167420816,111.5815,53.94321876028685,-1.2366341236634109,106.22,7034768,1788349400,2026-09-02T11:43:20Z,NYSE:DIS
28.52699762089418,1.3542870378486498,30.92368642621468,-3.873303167420816,111.5815,53.94321876028685,-1.2366341236634109,106.22,7034768,1788349580,2026-09-02T11:46:20Z,NYSE:DIS
28.52699762089418,1.3542870378486498,30.92368642621468,-3.873303167420816,111.5815,53.94321876028685,-1.2366341236634109,106.22,7034768,1788349760,2026-09-02T11:49:20Z,NYSE:DIS
28.52699762089418,1.3542870378486498,30.92368642621468,-3.873303167420816,111.5815,53.94321876028685,-1.2366341236634109,106.22,7034768,1788349940,2026-09-02T11:52:20Z,NYSE:DIS
28.52699762089418,1.3542870378486498,30.92368642621468,-3.873303167420816,111.5815,53.94321876028685,-1.2366341236634109,106.22,7034768,1788350116,2026-09-02T11:55:16Z,NYSE:DIS
28.52699762089418,1.3542870378486498,30.92368642621468,-3.873303167420816,111.5815,53.94321876028685,-1.2366341236634109,106.22,7034768,1788350301,2026-09-02T11:58:21Z,NYSE:DIS
28.52699762089418,1.3542870378486498,30.92368642621468,-3.873303167420816,111.5815,53.94321876028685,-1.2366341236634109,106.22,7034768,1788350479,2026-09-02T12:01:19Z,NYSE:DIS
28.52699762089418,1.3542870378486498,30.92368642621468,-3.873303167420816,111.5815,53.94321876028685,-1.2366341236634109,106.22,7034768,1788350657,2026-09-02T12:04:17Z,NYSE:DIS
28.52699762089418,1.3542870378486498,30.92368642621468,-3.873303167420816,111.5815,53.94321876028685,-1.2366341236634109,106.22,7034768,1788350839,2026-09-02T12:07:19Z,NYSE:DIS
28.52699762089418,1.3542870378486498,30.92368642621468,-3.873303167420816,111.5815,53.94321876028685,-1.2366341236634109,106.22,7034768,1788351020,2026-09-02T12:10:20Z,NYSE:DIS
28.52699762089418,1.3542870378486498,30.92368642621468,-3.873303167420816,111.5815,53.94321876028685,-1.2366341236634109,106.22,7034768,1788351199,2026-09-02T12:13:19Z,NYSE:DIS
28.52699762089418,1.3542870378486498,30.92368642621468,-3.873303167420816,111.5815,53.94321876028685,-1.2366341236634109,106.22,7034768,1788351384,2026-09-02T12:16:24Z,NYSE:DIS
28.52699762089418,1.3542870378486498,30.92368642621468,-3.873303167420816,111.5815,53.94321876028685,-1.2366341236634109,106.22,7034768,1788351561,2026-09-02T12:19:21Z,NYSE:DIS
28.52699762089418,1.3542870378486498,30.92368642621468,-3.873303167420816,111.5815,53.94321876028685,-1.2366341236634109,106.22,7034768,1788351746,2026-09-02T12:22:26Z,NYSE:DIS
28.52699762089418,1.3542870378486498,30.92368642621468,-3.873303167420816,111.5815,53.94321876028685,-1.2366341236634109,106.22,7034768,1788351918,2026-09-02T12:25:18Z,NYSE:DIS
28.52699762089418,1.3542870378486498,30.92368642621468,-3.873303167420816,111.5815,53.94321876028685,-1.2366341236634109,106.22,7034768,1788352103,2026-09-02T12:28:23Z,NYSE:DIS
28.52699762089418,1.3542870378486498,30.92368642621468,-3.873303167420816,111.5815,53.94321876028685,-1.2366341236634109,106.22,7034768,1788352279,2026-09-02T12:31:19Z,NYSE:DIS
28.52699762089418,1.3542870378486498,30.92368642621468,-3.873303167420816,111.5815,53.94321876028685,-1.2366341236634109,106.22,7034768,1788352459,2026-09-02T12:34:19Z,NYSE:DIS
28.52699762089418,1.3542870378486498,30.92368642621468,-3.873303167420816,111.5815,53.94321876028685,-1.2366341236634109,106.22,7034768,1788352641,2026-09-02T12:37:21Z,NYSE:DIS
28.52699762089418,1.3542870378486498,30.92368642621468,-3.873303167420816,111.5815,53.94321876028685,-1.2366341236634109,106.22,7034768,1788352819,2026-09-02T12:40:19Z,NYSE:DIS
28.52699762089418,1.3542870378486498,30.92368642621468,-3.873303167420816,111.5815,53.94321876028685,-1.2366341236634109,106.22,7034768,1788352998,2026-09-02T12:43:18Z,NYSE:DIS
28.52699762089418,1.3542870378486498,30.92368642621468,-3.873303167420816,111.5815,53.94321876028685,-1.2366341236634109,106.22,7034768,1788353181,2026-09-02T12:46:21Z,NYSE:DIS
28.52699762089418,1.3542870378486498,30.92368642621468,-3.873303167420816,111.5815,53.94321876028685,-1.2366341236634109,106.22,7034768,1788353355,2026-09-02T12:49:15Z,NYSE:DIS
28.52699762089418,1.3542870378486498,30.92368642621468,-3.873303167420816,111.5815,53.94321876028685,-1.2366341236634109,106.22,7034768,1788353540,2026-09-02T12:52:20Z,NYSE:DIS
28.52699762089418,1.3542870378486498,30.92368642621468,-3.873303167420816,111.5815,53.94321876028685,-1.2366341236634109,106.22,7034768,1788353720,2026-09-02T12:55:20Z,NYSE:DIS
28.52699762089418,1.3542870378486498,30.92368642621468,-3.873303167420816,111.5815,53.94321876028685,-1.2366341236634109,106.22,7034768,1788353898,2026-09-02T12:58:18Z,NYSE:DIS
28.52699762089418,1.3542870378486498,30.92368642621468,-3.873303167420816,111.5815,53.94321876028685,-1.2366341236634109,106.22,7034768,1788354081,2026-09-02T13:01:21Z,NYSE:DIS
28.52699762089418,1.3542870378486498,30.92368642621468,-3.873303167420816,111.5815,53.94321876028685,-1.2366341236634109,106.22,7034768,1788354261,2026-09-02T13:04:21Z,NYSE:DIS
28.52699762089418,1.3542870378486498,30.92368642621468,-3.873303167420816,111.5815,53.94321876028685,-1.2366341236634109,106.22,7034768,1788354440,2026-09-02T13:07:20Z,NYSE:DIS
28.52699762089418,1.3542870378486498,30.92368642621468,-3.873303167420816,111.5815,53.94321876028685,-1.2366341236634109,106.22,7034768,1788354624,2026-09-02T13:10:24Z,NYSE:DIS
28.52699762089418,1.3542870378486498,30.92368642621468,-3.873303167420816,111.5815,53.94321876028685,-1.2366341236634109,106.22,7034768,1788354799,2026-09-02T13:13:19Z,NYSE:DIS
28.52699762089418,1.3542870378486498,30.92368642621468,-3.873303167420816,111.5815,53.94321876028685,-1.2366341236634109,106.22,7034768,1788354981,2026-09-02T13:16:21Z,NYSE:DIS
28.52699762089418,1.3542870378486498,30.92368642621468,-3.873303167420816,111.5815,53.94321876028685,-1.2366341236634109,106.22,7034768,1788355160,2026-09-02T13:19:20Z,NYSE:DIS
28.52699762089418,1.3542870378486498,30.92368642621468,-3.873303167420816,111.5815,53.94321876028685,-1.2366341236634109,106.22,7034768,1788355340,2026-09-02T13:22:20Z,NYSE:DIS
28.52699762089418,1.3542870378486498,30.92368642621468,-3.873303167420816,111.5815,53.94321876028685,-1.2366341236634109,106.22,7034768,1788355520,2026-09-02T13:25:20Z,NYSE:DIS
28.52699762089418,1.3542870378486498,30.92368642621468,-3.873303167420816,111.5815,53.94321876028685,-1.2366341236634109,106.22,7034768,1788355697,2026-09-02T13:28:17Z,NYSE:DIS
28.52699762089418,1.3542870378486498,30.92368642621468,-3.873303167420816,111.5815,53.94321876028685,-1.2366341236634109,106.22,7034768,1788355882,2026-09-02T13:31:22Z,NYSE:DIS
28.52699762089418,1.3542870378486498,30.92368642621468,-3.873303167420816,111.5815,53.94321876028685,-1.2366341236634109,106.22,7034768,1788356057,2026-09-02T13:34:17Z,NYSE:DIS
28.52699762089418,1.3542870378486498,30.92368642621468,-3.873303167420816,111.5815,53.94321876028685,-1.2366341236634109,106.22,7034768,1788356240,2026-09-02T13:37:20Z,NYSE:DIS
28.52699762089418,1.3542870378486498,30.92368642621468,-3.873303167420816,111.5815,53.94321876028685,-1.2366341236634109,106.22,7034768,1788356422,2026-09-02T13:40:22Z,NYSE:DIS
28.52699762089418,1.3542870378486498,30.92368642621468,-3.873303167420816,111.5815,53.94321876028685,-1.2366341236634109,106.22,7034768,1788356600,2026-09-02T13:43:20Z,NYSE:DIS
28.591376755136327,-0.599896824701176,5.802453316266734,-4.29919137466307,111.5815,54.65196461586852,0.2777254754283578,106.515,13001,1788356783,2026-09-02T13:46:23Z,NYSE:DIS
28.591376755136327,-0.0656111104154462,22.388449416545782,-3.589398023360279,111.5815,56.44678996276495,1.0214648842026055,107.305,172107,1788356961,2026-09-02T13:49:21Z,NYSE:DIS
28.591376755136327,-0.0627539675583079,22.757935514737976,-3.5669362084456413,111.5815,56.50127198162686,1.045000941442289,107.33,223887,1788357139,2026-09-02T13:52:19Z,NYSE:DIS
28.591376755136327,-0.0456111104154501,22.124396357726585,-3.620844564240792,111.5815,56.37028545206033,0.988514404067028,107.27,272432,1788357319,2026-09-02T13:55:19Z,NYSE:DIS
28.591376755136327,-0.0570396818440031,22.54682747581057,-3.584905660377354,111.5815,56.457697281971946,1.0261720956505398,107.31,332608,1788357497,2026-09-02T13:58:17Z,NYSE:DIS
28.591376755136327,0.165817461013134,31.352106164990445,-3.1536388140161646,111.5815,57.47996052533382,1.4780643946526146,107.79,384653,1788357682,2026-09-02T14:01:22Z,NYSE:DIS
28.591376755136327,0.2456603181559842,34.51021193114865,-2.9968553459119462,111.5815,57.83979951117227,1.6423460741856546,107.9645,432520,1788357861,2026-09-02T14:04:21Z,NYSE:DIS
28.591376755136327,0.3022460324417011,34.363151467060185,-2.938005390835576,111.5815,57.8101310307753,1.6286951609866354,107.95,456816,1788358041,2026-09-02T14:07:21Z,NYSE:DIS
28.591376755136327,0.4686746038702694,40.85407300822166,-2.722371967654988,111.5815,58.45532452862975,1.9299566936546764,108.27,513480,1788358217,2026-09-02T14:10:17Z,NYSE:DIS
28.591376755136327,0.5243888895845572,40.23883753242059,-2.8032345013477005,111.5815,58.27586701037951,1.845226887591798,108.18,561230,1788358397,2026-09-02T14:13:17Z,NYSE:DIS
28.591376755136327,0.524388889584543,42.5427921853969,-2.6460017969451872,111.5815,58.62340046863189,2.009979288269634,108.355,615943,1788358582,2026-09-02T14:16:22Z,NYSE:DIS
28.591376755136327,0.6301031752988422,44.736275517272446,-2.5696316262354,111.5815,58.79012192969643,2.090001882884578,108.44,662969,1788358761,2026-09-02T14:19:21Z,NYSE:DIS
28.591376755136327,0.6815317467274156,42.90040735401394,-2.7313566936208376,111.5815,58.43546107346868,1.9205422707588085,108.26,706266,1788358938,2026-09-02T14:22:18Z,NYSE:DIS
28.591376755136327,0.7386746038702654,40.85407300822166,-2.911051212938001,111.5815,58.03416464770048,1.732253812841276,108.06,733568,1788359120,2026-09-02T14:25:20Z,NYSE:DIS
28.591376755136327,0.7058174610131118,42.03155065637043,-2.807726864330638,111.5815,58.26585167869264,1.8405196761438507,108.175,788236,1788359301,2026-09-02T14:28:21Z,NYSE:DIS
28.591376755136327,0.6758174610131107,43.10466508158238,-2.713387241689125,111.5815,58.475169007596485,1.9393711165505576,108.28,821868,1788359481,2026-09-02T14:31:21Z,NYSE:DIS
28.591376755136327,0.6615317467274053,43.61501121578018,-2.668463611859837,111.5815,58.57410770899679,1.9864432310299367,108.33,864872,1788359656,2026-09-02T14:34:16Z,NYSE:DIS
28.591376755136327,0.6301031752988422,44.736275517272446,-2.5696316262354,111.5815,58.79012192969643,2.090001882884578,108.44,909797,1788359838,2026-09-02T14:37:18Z,NYSE:DIS
28.591376755136327,0.6215317467274133,45.04171815298125,-2.542677448337824,111.5815,58.84864447224248,2.118245151572209,108.47,946330,1788360022,2026-09-02T14:40:22Z,NYSE:DIS
28.591376755136327,0.7272460324416983,47.68250500031218,-2.4348607367475235,111.5815,59.08108186247752,2.231218226322731,108.59,993794,1788360198,2026-09-02T14:43:18Z,NYSE:DIS
28.591376755136327,0.7743888895845572,46.007946558185175,-2.583108715184187,111.5815,58.76079819404663,2.075880248540763,108.425,1041667,1788360382,2026-09-02T14:46:22Z,NYSE:DIS
28.591376755136327,0.8115317467273968,44.68535356102673,-2.6999101527403373,111.5815,58.50490020512393,1.953492750894373,108.295,1070894,1788360557,2026-09-02T14:49:17Z,NYSE:DIS
28.591376755136327,0.754388889584547,46.71892686040946,-2.5202156334231742,111.5815,58.89728643657868,2.141781208811905,108.495,1254312,1788360738,2026-09-02T14:52:18Z,NYSE:DIS
28.591376755136327,0.7643888895845521,48.18904024659359,-2.425876010781674,111.5815,59.10033317610599,2.2406326492185986,108.6,1295507,1788360921,2026-09-02T14:55:21Z,NYSE:DIS
28.591376755136327,0.7886746038702626,49.605101977848086,-2.345013477088948,111.5815,59.272783282837125,2.32536245528149,108.69,1339949,1788361097,2026-09-02T14:58:17Z,NYSE:DIS
28.591376755136327,0.8343888895845595,50.71541501866589,-2.3000898472596605,111.5815,59.36796198932898,2.37243456976087,108.74,1383517,1788361280,2026-09-02T15:01:20Z,NYSE:DIS
28.591376755136327,0.8908174610131283,53.030444755498976,-2.1787960467205725,111.5815,59.62273634655655,2.499529278855208,108.875,1415599,1788361458,2026-09-02T15:04:18Z,NYSE:DIS
28.591376755136327,0.9443888895845588,54.53550349425031,-2.1114106019766345,111.5815,59.76290188683227,2.570137450574284,108.95,1453065,1788361643,2026-09-02T15:07:23Z,NYSE:DIS
28.605645959242583,0.9872460324417034,54.836067403002566,-2.1203953279424974,111.5815,59.744269400070536,2.5607230276784025,108.94,1488089,1788361823,2026-09-02T15:10:23Z,NYSE:DIS
28.605645959242583,0.9901031752988274,54.73589599673996,-2.129380053908347,111.5815,59.725619649121455,2.5513086047825344,108.93,1511191,1788362000,2026-09-02T15:13:20Z,NYSE:DIS
28.605645959242583,1.0172460324417043,53.7834410290437,-2.21473495058401,111.5815,59.54758135602192,2.461871587271695,108.835,1560010,1788362181,2026-09-02T15:16:21Z,NYSE:DIS
28.605645959242583,0.9972460324416944,54.48539501355656,-2.151841868822997,111.5815,59.678919583282166,2.527772547542838,108.905,1584059,1788362357,2026-09-02T15:19:17Z,NYSE:DIS
28.605645959242583,1.0115317467273996,53.98408225372428,-2.196765498652285,111.5815,59.58519379063604,2.480700433063458,108.855,1615957,1788362539,2026-09-02T15:22:19Z,NYSE:DIS
28.605645959242583,1.0415317467274008,52.929974604500046,-2.291105121293798,111.5815,59.38694437218213,2.381848992656751,108.75,1644722,1788362720,2026-09-02T15:25:20Z,NYSE:DIS
28.605645959242583,1.052960318155982,52.52792759816809,-2.327044025157236,111.5815,59.3109082237773,2.34419130107324,108.71,1681101,1788362896,2026-09-02T15:28:16Z,NYSE:DIS
28.605645959242583,1.0458174610131152,52.7792381840216,-2.304582210242585,111.5815,59.35846414212854,2.367727358312936,108.735,1702091,1788363077,2026-09-02T15:31:17Z,NYSE:DIS
28.605645959242583,1.0258174610131334,53.48235467398625,-2.2416891284815725,111.5815,59.49103125417271,2.4336283185840784,108.805,1734121,1788363262,2026-09-02T15:34:22Z,NYSE:DIS
28.605645959242583,1.0672460324416877,52.02499412482496,-2.3719676549865234,111.5815,59.215461723968325,2.29711918659386,108.66,1768909,1788363439,2026-09-02T15:37:19Z,NYSE:DIS
28.605645959242583,1.052960318155982,52.52792759816809,-2.327044025157236,111.5815,59.3109082237773,2.34419130107324,108.71,1792190,1788363620,2026-09-02T15:40:20Z,NYSE:DIS
28.605645959242583,1.024388889584543,53.532546113529,-2.2371967654986475,111.5815,59.5004672482728,2.438335530032012,108.81,1841961,1788363805,2026-09-02T15:43:25Z,NYSE:DIS
28.605645959242583,1.030103175298848,53.331755433199824,-2.2551662174303604,111.5815,59.46269687148987,2.419506684240264,108.79,1871605,1788363979,2026-09-02T15:46:19Z,NYSE:DIS
28.605645959242583,1.061531746727411,52.22621750518816,-2.353998203054798,111.5815,59.253694008025874,2.3159480323856223,108.68,1902254,1788364163,2026-09-02T15:49:23Z,NYSE:DIS
28.605645959242583,1.0501031752988297,52.62846431836804,-2.3180592991913733,111.5815,59.32994394006608,2.3536057239691206,108.72,1927116,1788364341,2026-09-02T15:52:21Z,NYSE:DIS
28.605645959242583,1.03153174672741,53.28154737716646,-2.259658580413298,111.5815,59.45324326687344,2.414799472792316,108.785,1953649,1788364518,2026-09-02T15:55:18Z,NYSE:DIS
28.605645959242583,1.024388889584543,53.532546113529,-2.2371967654986475,111.5815,59.55699102647002,2.4665787987196426,108.84,1982195,1788364700,2026-09-02T15:58:20Z,NYSE:DIS
28.605645959242583,1.0658174610131257,52.07530622112328,-2.367475292003586,111.5815,59.22502651966323,2.301826398041807,108.665,2006826,1788364877,2026-09-02T16:01:17Z,NYSE:DIS
28.605645959242583,1.0872460324416977,51.32018686562986,-2.4348607367475235,111.5815,59.08108186247752,2.231218226322731,108.59,2024300,1788365062,2026-09-02T16:04:22Z,NYSE:DIS
28.605645959242583,1.0915317467274122,51.16905030949177,-2.448337825696312,111.5815,59.052170887332615,2.2170965919789154,108.575,2044669,1788365240,2026-09-02T16:07:20Z,NYSE:DIS
28.605645959242583,1.110103175298832,50.51369062875315,-2.5067385444743864,111.5815,58.92641645808367,2.155902843155721,108.51,2067233,1788365418,2026-09-02T16:10:18Z,NYSE:DIS
28.605645959242583,1.0900746038702778,51.220440955965614,-2.4437556154537248,111.5815,59.06200520156549,2.2218979476558114,108.5801,2109990,1788365600,2026-09-02T16:13:20Z,NYSE:DIS
28.605645959242583,1.09010317529885,51.21943333799919,-2.4438454627133863,111.5815,59.061812417278105,2.221803803426849,108.58,2135312,1788365782,2026-09-02T16:16:22Z,NYSE:DIS
28.605645959242583,1.101531746727403,50.816252120548654,-2.479784366576811,111.5815,58.9845528074958,2.1841461118433507,108.54,2160360,1788365954,2026-09-02T16:19:14Z,NYSE:DIS
28.605645959242583,1.1186746038702609,50.210978516058205,-2.5336927223719616,111.5815,58.86811506682416,2.12765957446809,108.48,2182753,1788366138,2026-09-02T16:22:18Z,NYSE:DIS
28.605645959242583,1.1043888895845555,50.71541501866589,-2.488769092542674,111.5815,58.96519231906113,2.1747316889474697,108.53,2206655,1788366328,2026-09-02T16:25:28Z,NYSE:DIS
28.605645959242583,1.0815317467274213,51.52164381790082,-2.416891284815811,111.5815,59.11956638374288,2.25004707211448,108.61,2220751,1788366504,2026-09-02T16:28:24Z,NYSE:DIS
28.605645959242583,1.0958174610131266,51.0178761589723,-2.4618149146450987,111.5815,59.02321902960822,2.2029749576351003,108.56,2243116,1788366676,2026-09-02T16:31:16Z,NYSE:DIS
28.605645959242583,1.0943888895845646,51.06827172049764,-2.4573225516621737,111.5815,59.03287419671016,2.207682169083034,108.565,2272218,1788366860,2026-09-02T16:34:20Z,NYSE:DIS
28.605645959242583,1.100103175298841,50.86666440004165,-2.4752920035938866,111.5815,58.99422620252583,2.188853323291285,108.545,2293251,1788367039,2026-09-02T16:37:19Z,NYSE:DIS
28.605645959242583,1.1129603181559844,50.41280333239759,-2.515723270440249,111.5815,58.90700103365356,2.146488420259839,108.5,2317709,1788367221,2026-09-02T16:40:21Z,NYSE:DIS
28.605645959242583,1.1143888895845464,50.362353407046974,-2.5202156334231742,111.5815,58.89728643657868,2.141781208811905,108.495,2336961,1788367405,2026-09-02T16:43:25Z,NYSE:DIS
28.605645959242583,1.1172460324416988,50.26144099939797,-2.5292003593890366,111.5815,58.87784345642536,2.132366785916024,108.485,2356863,1788367582,2026-09-02T16:46:22Z,NYSE:DIS
28.605645959242583,1.1129603181559844,50.41280333239759,-2.515723270440249,111.5815,58.90700103365356,2.146488420259839,108.5,2377761,1788367762,2026-09-02T16:49:22Z,NYSE:DIS
28.605645959242583,1.101531746727403,50.816252120548654,-2.479784366576811,111.5815,58.9845528074958,2.1841461118433507,108.54,2394344,1788367941,2026-09-02T16:52:21Z,NYSE:DIS
28.605645959242583,1.0786746038702688,51.62234725084416,-2.4079065588499486,111.5815,59.138781510919344,2.259461495010361,108.62,2450916,1788368122,2026-09-02T16:55:22Z,NYSE:DIS
28.605645959242583,1.0843888895845453,51.42092369088007,-2.425876010781674,111.5815,59.10033317610599,2.2406326492185986,108.6,2468535,1788368302,2026-09-02T16:58:22Z,NYSE:DIS
28.605645959242583,1.0558174610131346,52.42737422533085,-2.3360287511230857,111.5815,59.29185467971981,2.3347768781773715,108.7,2490107,1788368477,2026-09-02T17:01:17Z,NYSE:DIS
28.605645959242583,1.061531746727411,52.22621750518816,-2.353998203054798,111.5815,59.253694008025874,2.3159480323856223,108.68,2512461,1788368663,2026-09-02T17:04:23Z,NYSE:DIS
28.605645959242583,1.0115317467273996,53.98408225372428,-2.196765498652285,111.5815,59.58519379063604,2.480700433063458,108.855,2536728,1788368841,2026-09-02T17:07:21Z,NYSE:DIS
28.605645959242583,1.015817461013114,53.83360755931249,-2.2102425876010727,111.5815,59.55699102647002,2.4665787987196426,108.84,2556112,1788369022,2026-09-02T17:10:22Z,NYSE:DIS
28.605645959242583,1.032960318155972,53.23133516572065,-2.264150943396223,111.5815,59.44378525192482,2.410092261344382,108.78,2575047,1788369203,2026-09-02T17:13:23Z,NYSE:DIS
28.605645959242583,1.0332460324416957,53.2212922247364,-2.265049415992813,111.5815,59.44189311942361,2.4091508190547897,108.779,2589047,1788369380,2026-09-02T17:16:20Z,NYSE:DIS
28.605645959242583,1.0415317467274008,52.929974604500046,-2.291105121293798,111.5815,59.38694437218213,2.381848992656751,108.75,2607720,1788369563,2026-09-02T17:19:23Z,NYSE:DIS
28.605645959242583,1.0386746038702768,53.030444755498976,-2.282120395327935,111.5815,59.405909027024734,2.3912634155526327,108.76,2625790,1788369736,2026-09-02T17:22:16Z,NYSE:DIS
28.605645959242583,1.05153174672742,52.5781980395897,-2.3225516621742983,111.5815,59.3204283088286,2.348898512521187,108.715,2645048,1788369923,2026-09-02T17:25:23Z,NYSE:DIS
28.605645959242583,1.0472460324417057,52.728984390067566,-2.3090745732255105,111.5815,59.34896185359571,2.363020146865002,108.73,2660707,1788370099,2026-09-02T17:28:19Z,NYSE:DIS
28.605645959242583,1.0501031752988297,52.62846431836804,-2.3180592991913733,111.5815,59.32994394006608,2.3536057239691206,108.72,2682628,1788370280,2026-09-02T17:31:20Z,NYSE:DIS
28.605645959242583,1.0672460324416877,52.02499412482496,-2.3719676549865234,111.5815,59.215461723968325,2.29711918659386,108.66,2701101,1788370458,2026-09-02T17:34:18Z,NYSE:DIS
28.605645959242583,1.0729603181559924,51.82370405109725,-2.389937106918236,111.5815,59.17715762577609,2.2782903408021102,108.64,2854770,1788371864,2026-09-02T17:57:44Z,NYSE:DIS
28.605645959242583,1.052960318155982,52.52792759816809,-2.327044025157236,111.5815,59.3109082237773,2.34419130107324,108.71,2979796,1788372788,2026-09-02T18:13:08Z,NYSE:DIS
28.605645959242583,1.0672460324416877,52.02499412482496,-2.3719676549865234,111.5815,59.215461723968325,2.29711918659386,108.66,3017710,1788373085,2026-09-02T18:18:05Z,NYSE:DIS
28.605645959242583,1.0386746038702768,53.030444755498976,-2.282120395327935,111.5815,59.405909027024734,2.3912634155526327,108.76,3139197,1788373943,2026-09-02T18:32:23Z,NYSE:DIS
28.605645959242583,1.068674603870278,51.97467786019064,-2.3764600179694484,111.5815,59.20589243989373,2.2924119751459258,108.655,3206600,1788374340,2026-09-02T18:39:00Z,NYSE:DIS
28.605645959242583,1.0786746038702688,51.62234725084416,-2.4079065588499486,111.5815,59.138781510919344,2.259461495010361,108.62,3229047,1788374600,2026-09-02T18:43:20Z,NYSE:DIS
28.605645959242583,1.0501031752988297,52.62846431836804,-2.3180592991913733,111.5815,59.32994394006608,2.3536057239691206,108.72,3268124,1788374775,2026-09-02T18:46:15Z,NYSE:DIS
28.605645959242583,1.0358174610131243,53.13089827452996,-2.2731356693620857,111.5815,59.42485597867999,2.400677838448501,108.77,3296097,1788374962,2026-09-02T18:49:22Z,NYSE:DIS
28.605645959242583,1.0386746038702768,53.030444755498976,-2.282120395327935,111.5815,59.405909027024734,2.3912634155526327,108.76,3319538,1788375143,2026-09-02T18:52:23Z,NYSE:DIS
28.605645959242583,1.0458174610131152,52.7792381840216,-2.304582210242585,111.5815,59.35846414212854,2.367727358312936,108.735,3350500,1788375324,2026-09-02T18:55:24Z,NYSE:DIS
28.605645959242583,1.0358460324416967,53.12989382165462,-2.2732255166217343,111.5815,59.42466659671284,2.400583694219552,108.7699,3377545,1788375503,2026-09-02T18:58:23Z,NYSE:DIS
28.605645959242583,1.0387031752988491,53.02944013632533,-2.2822102425875967,111.5815,59.40571946814841,2.3911692713236707,108.7599,3409050,1788375678,2026-09-02T19:01:18Z,NYSE:DIS
28.605645959242583,1.0358174610131243,53.13089827452996,-2.2731356693620857,111.5815,59.42485597867999,2.400677838448501,108.77,3440858,1788375860,2026-09-02T19:04:20Z,NYSE:DIS
28.605645959242583,1.030103175298848,53.331755433199824,-2.2551662174303604,111.5815,59.46269687148987,2.419506684240264,108.79,3463653,1788376039,2026-09-02T19:07:19Z,NYSE:DIS
28.605645959242583,1.0486746038702677,52.678726435021545,-2.3135669362084483,111.5815,59.3394551206145,2.3583129354170547,108.725,3501620,1788376223,2026-09-02T19:10:23Z,NYSE:DIS
28.605645959242583,1.07010317529884,51.92435742670366,-2.3809523809523734,111.5815,59.19631866427934,2.287704763697992,108.65,3533057,1788376405,2026-09-02T19:13:25Z,NYSE:DIS
28.605645959242583,1.0843888895845453,51.42092369088007,-2.425876010781674,111.5815,59.10033317610599,2.2406326492185986,108.6,3567015,1788376577,2026-09-02T19:16:17Z,NYSE:DIS
28.605645959242583,1.09010317529885,51.21943333799919,-2.4438454627133863,111.5815,59.061812417278105,2.221803803426849,108.58,3590065,1788376764,2026-09-02T19:19:24Z,NYSE:DIS
28.605645959242583,1.1029603181559935,50.76583566026343,-2.484276729559749,111.5815,58.97487484741829,2.179438900395404,108.535,3621384,1788376940,2026-09-02T19:22:20Z,NYSE:DIS
28.605645959242583,1.0958174610131266,51.0178761589723,-2.4618149146450987,111.5815,59.02321902960822,2.2029749576351003,108.56,3648763,1788377119,2026-09-02T19:25:19Z,NYSE:DIS
28.605645959242583,1.0772460324417068,51.672692708333045,-2.403414195867024,111.5815,59.14838230230031,2.264168706458295,108.625,3681722,1788377304,2026-09-02T19:28:24Z,NYSE:DIS
28.605645959242583,1.0886746038702595,51.26981218987163,-2.4393530997304613,111.5815,59.07144940792475,2.2265110148747835,108.585,3721101,1788377480,2026-09-02T19:31:20Z,NYSE:DIS
28.605645959242583,1.1158174610131368,50.31189929622057,-2.524707996406112,111.5815,58.88756724525588,2.1370739973639576,108.49,3782301,1788377659,2026-09-02T19:34:19Z,NYSE:DIS
28.605645959242583,1.1272460324416895,49.9081156699601,-2.560646900269537,111.5815,58.80964792991841,2.09941630578046,108.45,3850305,1788377841,2026-09-02T19:37:21Z,NYSE:DIS
28.605645959242583,1.1201031752988513,50.16051184567838,-2.5381850853548995,111.5815,58.85838207318622,2.1229523630201426,108.475,3889845,1788378027,2026-09-02T19:40:27Z,NYSE:DIS
28.605645959242583,1.1215317467274133,50.11004098773962,-2.542677448337824,111.5815,58.84864447224248,2.118245151572209,108.47,3935699,1788378197,2026-09-02T19:43:17Z,NYSE:DIS
28.605645959242583,1.1129603181559844,50.41280333239759,-2.515723270440249,111.5815,58.90700103365356,2.146488420259839,108.5,4024956,1788378380,2026-09-02T19:46:20Z,NYSE:DIS
28.605645959242583,1.1029603181559935,50.76583566026343,-2.484276729559749,111.5815,58.97487484741829,2.179438900395404,108.535,4101907,1788378562,2026-09-02T19:49:22Z,NYSE:DIS
28.605645959242583,1.09010317529885,51.21943333799919,-2.4438454627133863,111.5815,59.061812417278105,2.221803803426849,108.58,4161918,1788378740,2026-09-02T19:52:20Z,NYSE:DIS
28.605645959242583,1.1143888895845464,50.362353407046974,-2.5202156334231742,111.5815,58.89728643657868,2.141781208811905,108.495,4203933,1788378920,2026-09-02T19:55:20Z,NYSE:DIS
28.605645959242583,1.1029603181559935,50.76583566026343,-2.484276729559749,111.5815,58.97487484741829,2.179438900395404,108.535,4261275,1788379101,2026-09-02T19:58:21Z,NYSE:DIS
28.605645959242583,1.098674603870279,50.91707249926387,-2.4707996406109616,111.5815,59.00389503573765,2.193560534739219,108.55,4325472,1788379282,2026-09-02T20:01:22Z,NYSE:DIS
28.605645959242583,1.0958174610131266,51.0178761589723,-2.4618149146450987,111.5815,59.02321902960822,2.2029749576351003,108.56,4404029,1788379456,2026-09-02T20:04:16Z,NYSE:DIS
28.605645959242583,1.172960318155987,48.29029678363215,-2.7044025157232623,111.5815,58.494994537548735,1.948785539446439,108.29,4533992,1788379639,2026-09-02T20:07:19Z,NYSE:DIS
28.605645959242583,1.1901031752988445,47.682505000313085,-2.758310871518413,111.5815,58.37575657823976,1.892299002071178,108.23,4654208,1788379821,2026-09-02T20:10:21Z,NYSE:DIS
28.605645959242583,1.2072460324417025,47.07410651575574,-2.812219227313563,111.5815,58.255831537753,1.8358124646959169,108.17,4894623,1788380000,2026-09-02T20:13:20Z,NYSE:DIS
28.605645959242583,1.2586746038702756,45.245261756844606,-2.973944294699014,111.5815,57.89187402424601,1.6663528525701337,107.99,5368691,1788380180,2026-09-02T20:16:20Z,NYSE:DIS
28.605645959242583,1.2615317467273996,45.14349843408117,-2.9829290206648635,111.5815,57.8714679860105,1.6569384296742655,107.98,7110727,1788380361,2026-09-02T20:19:21Z,NYSE:DIS
28.605645959242583,1.2615317467273996,45.14349843408117,-2.9829290206648635,111.5815,57.8714679860105,1.6569384296742655,107.98,7447800,1788380540,2026-09-02T20:22:20Z,NYSE:DIS
28.605645959242583,1.2615317467273996,45.14349843408117,-2.9829290206648635,111.5815,57.8714679860105,1.6569384296742655,107.98,7451209,1788380715,2026-09-02T20:25:15Z,NYSE:DIS
28.605645959242583,1.2615317467273996,45.14349843408117,-2.9829290206648635,111.5815,57.8714679860105,1.6569384296742655,107.98,7451663,1788380900,2026-09-02T20:28:20Z,NYSE:DIS
28.605645959242583,1.2615317467273996,45.14349843408117,-2.9829290206648635,111.5815,57.8714679860105,1.6569384296742655,107.98,7452231,1788381080,2026-09-02T20:31:20Z,NYSE:DIS
28.605645959242583,1.2615317467273996,45.14349843408117,-2.9829290206648635,111.5815,57.8714679860105,1.6569384296742655,107.98,7452329,1788381262,2026-09-02T20:34:22Z,NYSE:DIS
28.605645959242583,1.2615317467273996,45.14349843408117,-2.9829290206648635,111.5815,57.8714679860105,1.6569384296742655,107.98,7453704,1788381437,2026-09-02T20:37:17Z,NYSE:DIS
28.605645959242583,1.2615317467273996,45.14349843408117,-2.9829290206648635,111.5815,57.8714679860105,1.6569384296742655,107.98,7453706,1788381618,2026-09-02T20:40:18Z,NYSE:DIS
28.605645959242583,1.2615317467273996,45.14349843408117,-2.9829290206648635,111.5815,57.8714679860105,1.6569384296742655,107.98,7453748,1788381798,2026-09-02T20:43:18Z,NYSE:DIS
28.605645959242583,1.2615317467273996,45.14349843408117,-2.9829290206648635,111.5815,57.8714679860105,1.6569384296742655,107.98,7453759,1788381978,2026-09-02T20:46:18Z,NYSE:DIS
28.605645959242583,1.2615317467273996,45.14349843408117,-2.9829290206648635,111.5815,57.8714679860105,1.6569384296742655,107.98,7453783,1788382155,2026-09-02T20:49:15Z,NYSE:DIS
28.605645959242583,1.2615317467273996,45.14349843408117,-2.9829290206648635,111.5815,57.8714679860105,1.6569384296742655,107.98,7453798,1788382340,2026-09-02T20:52:20Z,NYSE:DIS
28.605645959242583,1.2615317467273996,45.14349843408117,-2.9829290206648635,111.5815,57.8714679860105,1.6569384296742655,107.98,7453808,1788382520,2026-09-02T20:55:20Z,NYSE:DIS
28.605645959242583,1.2615317467273996,45.14349843408117,-2.9829290206648635,111.5815,57.8714679860105,1.6569384296742655,107.98,7453808,1788382702,2026-09-02T20:58:22Z,NYSE:DIS
28.605645959242583,1.2615317467273996,45.14349843408117,-2.9829290206648635,111.5815,57.8714679860105,1.6569384296742655,107.98,7453844,1788382879,2026-09-02T21:01:19Z,NYSE:DIS
28.605645959242583,1.2615317467273996,45.14349843408117,-2.9829290206648635,111.5815,57.8714679860105,1.6569384296742655,107.98,7453844,1788383058,2026-09-02T21:04:18Z,NYSE:DIS
28.605645959242583,1.2615317467273996,45.14349843408117,-2.9829290206648635,111.5815,57.8714679860105,1.6569384296742655,107.98,7457595,1788383238,2026-09-02T21:07:18Z,NYSE:DIS
28.605645959242583,1.2615317467273996,45.14349843408117,-2.9829290206648635,111.5815,57.8714679860105,1.6569384296742655,107.98,7457695,1788383417,2026-09-02T21:10:17Z,NYSE:DIS
28.605645959242583,1.2615317467273996,45.14349843408117,-2.9829290206648635,111.5815,57.8714679860105,1.6569384296742655,107.98,7457696,1788383596,2026-09-02T21:13:16Z,NYSE:DIS
28.605645959242583,1.2615317467273996,45.14349843408117,-2.9829290206648635,111.5815,57.8714679860105,1.6569384296742655,107.98,7534711,1788383778,2026-09-02T21:16:18Z,NYSE:DIS
28.605645959242583,1.2615317467273996,45.14349843408117,-2.9829290206648635,111.5815,57.8714679860105,1.6569384296742655,107.98,7534715,1788383961,2026-09-02T21:19:21Z,NYSE:DIS
28.605645959242583,1.2615317467273996,45.14349843408117,-2.9829290206648635,111.5815,57.8714679860105,1.6569384296742655,107.98,7534715,1788384142,2026-09-02T21:22:22Z,NYSE:DIS
28.605645959242583,1.2615317467273996,45.14349843408117,-2.9829290206648635,111.5815,57.8714679860105,1.6569384296742655,107.98,7534716,1788384320,2026-09-02T21:25:20Z,NYSE:DIS
28.605645959242583,1.2615317467273996,45.14349843408117,-2.9829290206648635,111.5815,57.8714679860105,1.6569384296742655,107.98,7534717,1788384504,2026-09-02T21:28:24Z,NYSE:DIS
28.605645959242583,1.2615317467273996,45.14349843408117,-2.9829290206648635,111.5815,57.8714679860105,1.6569384296742655,107.98,7534734,1788384680,2026-09-02T21:31:20Z,NYSE:DIS
28.605645959242583,1.2615317467273996,45.14349843408117,-2.9829290206648635,111.5815,57.8714679860105,1.6569384296742655,107.98,7534744,1788384856,2026-09-02T21:34:16Z,NYSE:DIS
28.605645959242583,1.2615317467273996,45.14349843408117,-2.9829290206648635,111.5815,57.8714679860105,1.6569384296742655,107.98,7534750,1788385040,2026-09-02T21:37:20Z,NYSE:DIS
28.605645959242583,1.2615317467273996,45.14349843408117,-2.9829290206648635,111.5815,57.8714679860105,1.6569384296742655,107.98,7534770,1788385214,2026-09-02T21:40:14Z,NYSE:DIS
28.605645959242583,1.2615317467273996,45.14349843408117,-2.9829290206648635,111.5815,57.8714679860105,1.6569384296742655,107.98,7534771,1788385403,2026-09-02T21:43:23Z,NYSE:DIS
28.605645959242583,1.2615317467273996,45.14349843408117,-2.9829290206648635,111.5815,57.8714679860105,1.6569384296742655,107.98,7534783,1788385579,2026-09-02T21:46:19Z,NYSE:DIS
28.605645959242583,1.2615317467273996,45.14349843408117,-2.9829290206648635,111.5815,57.8714679860105,1.6569384296742655,107.98,7534796,1788385759,2026-09-02T21:49:19Z,NYSE:DIS
28.605645959242583,1.2615317467273996,45.14349843408117,-2.9829290206648635,111.5815,57.8714679860105,1.6569384296742655,107.98,7534821,1788385942,2026-09-02T21:52:22Z,NYSE:DIS
28.605645959242583,1.2615317467273996,45.14349843408117,-2.9829290206648635,111.5815,57.8714679860105,1.6569384296742655,107.98,7534825,1788386117,2026-09-02T21:55:17Z,NYSE:DIS
28.605645959242583,1.2615317467273996,45.14349843408117,-2.9829290206648635,111.5815,57.8714679860105,1.6569384296742655,107.98,7555204,1788386298,2026-09-02T21:58:18Z,NYSE:DIS
28.605645959242583,1.2615317467273996,45.14349843408117,-2.9829290206648635,111.5815,57.8714679860105,1.6569384296742655,107.98,7555215,1788386476,2026-09-02T22:01:16Z,NYSE:DIS
28.605645959242583,1.2615317467273996,45.14349843408117,-2.9829290206648635,111.5815,57.8714679860105,1.6569384296742655,107.98,7555215,1788386660,2026-09-02T22:04:20Z,NYSE:DIS
28.605645959242583,1.2615317467273996,45.14349843408117,-2.9829290206648635,111.5815,57.8714679860105,1.6569384296742655,107.98,7555244,1788386843,2026-09-02T22:07:23Z,NYSE:DIS
28.605645959242583,1.2615317467273996,45.14349843408117,-2.9829290206648635,111.5815,57.8714679860105,1.6569384296742655,107.98,7555246,1788387020,2026-09-02T22:10:20Z,NYSE:DIS
28.605645959242583,1.2615317467273996,45.14349843408117,-2.9829290206648635,111.5815,57.8714679860105,1.6569384296742655,107.98,7555247,1788387198,2026-09-02T22:13:18Z,NYSE:DIS
28.605645959242583,1.2615317467273996,45.14349843408117,-2.9829290206648635,111.5815,57.8714679860105,1.6569384296742655,107.98,7555257,1788387377,2026-09-02T22:16:17Z,NYSE:DIS
28.605645959242583,1.2615317467273996,45.14349843408117,-2.9829290206648635,111.5815,57.8714679860105,1.6569384296742655,107.98,7555257,1788387559,2026-09-02T22:19:19Z,NYSE:DIS
28.605645959242583,1.2615317467273996,45.14349843408117,-2.9829290206648635,111.5815,57.8714679860105,1.6569384296742655,107.98,7555267,1788387734,2026-09-02T22:22:14Z,NYSE:DIS
28.605645959242583,1.2615317467273996,45.14349843408117,-2.9829290206648635,111.5815,57.8714679860105,1.6569384296742655,107.98,7555300,1788387921,2026-09-02T22:25:21Z,NYSE:DIS
28.605645959242583,1.2615317467273996,45.14349843408117,-2.9829290206648635,111.5815,57.8714679860105,1.6569384296742655,107.98,7555302,1788388099,2026-09-02T22:28:19Z,NYSE:DIS
28.605645959242583,1.2615317467273996,45.14349843408117,-2.9829290206648635,111.5815,57.8714679860105,1.6569384296742655,107.98,7555335,1788388281,2026-09-02T22:31:21Z,NYSE:DIS
28.605645959242583,1.2615317467273996,45.14349843408117,-2.9829290206648635,111.5815,57.8714679860105,1.6569384296742655,107.98,7555337,1788388459,2026-09-02T22:34:19Z,NYSE:DIS
28.605645959242583,1.2615317467273996,45.14349843408117,-2.9829290206648635,111.5815,57.8714679860105,1.6569384296742655,107.98,7555368,1788388642,2026-09-02T22:37:22Z,NYSE:DIS
28.605645959242583,1.2615317467273996,45.14349843408117,-2.9829290206648635,111.5815,57.8714679860105,1.6569384296742655,107.98,7555418,1788388815,2026-09-02T22:40:15Z,NYSE:DIS
28.605645959242583,1.2615317467273996,45.14349843408117,-2.9829290206648635,111.5815,57.8714679860105,1.6569384296742655,107.98,7555442,1788389000,2026-09-02T22:43:20Z,NYSE:DIS
28.605645959242583,1.2615317467273996,45.14349843408117,-2.9829290206648635,111.5815,57.8714679860105,1.6569384296742655,107.98,7555444,1788389179,2026-09-02T22:46:19Z,NYSE:DIS
28.605645959242583,1.2615317467273996,45.14349843408117,-2.9829290206648635,111.5815,57.8714679860105,1.6569384296742655,107.98,7555662,1788389360,2026-09-02T22:49:20Z,NYSE:DIS
28.605645959242583,1.2615317467273996,45.14349843408117,-2.9829290206648635,111.5815,57.8714679860105,1.6569384296742655,107.98,7555664,1788389536,2026-09-02T22:52:16Z,NYSE:DIS
28.605645959242583,1.2615317467273996,45.14349843408117,-2.9829290206648635,111.5815,57.8714679860105,1.6569384296742655,107.98,7555664,1788389719,2026-09-02T22:55:19Z,NYSE:DIS
28.605645959242583,1.2615317467273996,45.14349843408117,-2.9829290206648635,111.5815,57.8714679860105,1.6569384296742655,107.98,7555665,1788389897,2026-09-02T22:58:17Z,NYSE:DIS
28.605645959242583,1.2615317467273996,45.14349843408117,-2.9829290206648635,111.5815,57.8714679860105,1.6569384296742655,107.98,7555677,1788390081,2026-09-02T23:01:21Z,NYSE:DIS
28.605645959242583,1.2615317467273996,45.14349843408117,-2.9829290206648635,111.5815,57.8714679860105,1.6569384296742655,107.98,7555678,1788390259,2026-09-02T23:04:19Z,NYSE:DIS
28.605645959242583,1.2615317467273996,45.14349843408117,-2.9829290206648635,111.5815,57.8714679860105,1.6569384296742655,107.98,7555678,1788390443,2026-09-02T23:07:23Z,NYSE:DIS
28.605645959242583,1.2615317467273996,45.14349843408117,-2.9829290206648635,111.5815,57.8714679860105,1.6569384296742655,107.98,7555683,1788390619,2026-09-02T23:10:19Z,NYSE:DIS
28.605645959242583,1.2615317467273996,45.14349843408117,-2.9829290206648635,111.5815,57.8714679860105,1.6569384296742655,107.98,7555685,1788390802,2026-09-02T23:13:22Z,NYSE:DIS
28.605645959242583,1.2615317467273996,45.14349843408117,-2.9829290206648635,111.5815,57.8714679860105,1.6569384296742655,107.98,7555692,1788390979,2026-09-02T23:16:19Z,NYSE:DIS
28.605645959242583,1.2615317467273996,45.14349843408117,-2.9829290206648635,111.5815,57.8714679860105,1.6569384296742655,107.98,7555705,1788391156,2026-09-02T23:19:16Z,NYSE:DIS
28.605645959242583,1.2615317467273996,45.14349843408117,-2.9829290206648635,111.5815,57.8714679860105,1.6569384296742655,107.98,7555707,1788391340,2026-09-02T23:22:20Z,NYSE:DIS
28.605645959242583,1.2615317467273996,45.14349843408117,-2.9829290206648635,111.5815,57.8714679860105,1.6569384296742655,107.98,7555718,1788391517,2026-09-02T23:25:17Z,NYSE:DIS
28.605645959242583,1.2615317467273996,45.14349843408117,-2.9829290206648635,111.5815,57.8714679860105,1.6569384296742655,107.98,7555731,1788391703,2026-09-02T23:28:23Z,NYSE:DIS
28.605645959242583,1.2615317467273996,45.14349843408117,-2.9829290206648635,111.5815,57.8714679860105,1.6569384296742655,107.98,7555741,1788391874,2026-09-02T23:31:14Z,NYSE:DIS
28.605645959242583,1.2615317467273996,45.14349843408117,-2.9829290206648635,111.5815,57.8714679860105,1.6569384296742655,107.98,7555741,1788392060,2026-09-02T23:34:20Z,NYSE:DIS
28.605645959242583,1.2615317467273996,45.14349843408117,-2.9829290206648635,111.5815,57.8714679860105,1.6569384296742655,107.98,7555748,1788392241,2026-09-02T23:37:21Z,NYSE:DIS
28.605645959242583,1.2615317467273996,45.14349843408117,-2.9829290206648635,111.5815,57.8714679860105,1.6569384296742655,107.98,7555748,1788392417,2026-09-02T23:40:17Z,NYSE:DIS
28.605645959242583,1.2615317467273996,45.14349843408117,-2.9829290206648635,111.5815,57.8714679860105,1.6569384296742655,107.98,7555793,1788392601,2026-09-02T23:43:21Z,NYSE:DIS
28.605645959242583,1.2615317467273996,45.14349843408117,-2.9829290206648635,111.5815,57.8714679860105,1.6569384296742655,107.98,7555793,1788392781,2026-09-02T23:46:21Z,NYSE:DIS
28.605645959242583,1.2615317467273996,45.14349843408117,-2.9829290206648635,111.5815,57.8714679860105,1.6569384296742655,107.98,7555799,1788392957,2026-09-02T23:49:17Z,NYSE:DIS
28.605645959242583,1.2615317467273996,45.14349843408117,-2.9829290206648635,111.5815,57.8714679860105,1.6569384296742655,107.98,7556104,1788393144,2026-09-02T23:52:24Z,NYSE:DIS
28.605645959242583,1.2615317467273996,45.14349843408117,-2.9829290206648635,111.5815,57.8714679860105,1.6569384296742655,107.98,7556175,1788393321,2026-09-02T23:55:21Z,NYSE:DIS
28.605645959242583,1.2615317467273996,45.14349843408117,-2.9829290206648635,111.5815,57.8714679860105,1.6569384296742655,107.98,7556203,1788393498,2026-09-02T23:58:18Z,NYSE:DIS
28.605645959242583,1.2615317467273996,45.14349843408117,-2.9829290206648635,111.5815,57.8714679860105,1.6569384296742655,107.98,7556402,1788393680,2026-09-03T00:01:20Z,NYSE:DIS
28.605645959242583,1.2615317467273996,45.14349843408117,-2.9829290206648635,111.5815,57.8714679860105,1.6569384296742655,107.98,7556412,1788393860,2026-09-03T00:04:20Z,NYSE:DIS
28.605645959242583,1.2615317467273996,45.14349843408117,-2.9829290206648635,111.5815,57.8714679860105,1.6569384296742655,107.98,7556431,1788394034,2026-09-03T00:07:14Z,NYSE:DIS
28.605645959242583,1.2615317467273996,45.14349843408117,-2.9829290206648635,111.5815,57.8714679860105,1.6569384296742655,107.98,7556431,1788394221,2026-09-03T00:10:21Z,NYSE:DIS
28.605645959242583,1.2615317467273996,45.14349843408117,-2.9829290206648635,111.5815,57.8714679860105,1.6569384296742655,107.98,7556679,1788394403,2026-09-03T00:13:23Z,NYSE:DIS
28.605645959242583,1.2615317467273996,45.14349843408117,-2.9829290206648635,111.5815,57.8714679860105,1.6569384296742655,107.98,7556681,1788394582,2026-09-03T00:16:22Z,NYSE:DIS
28.605645959242583,1.2615317467273996,45.14349843408117,-2.9829290206648635,111.5815,57.8714679860105,1.6569384296742655,107.98,7556681,1788394754,2026-09-03T00:19:14Z,NYSE:DIS
28.605645959242583,1.2615317467273996,45.14349843408117,-2.9829290206648635,111.5815,57.8714679860105,1.6569384296742655,107.98,7556681,1788394939,2026-09-03T00:22:19Z,NYSE:DIS
28.605645959242583,1.2615317467273996,45.14349843408117,-2.9829290206648635,111.5815,57.8714679860105,1.6569384296742655,107.98,7556681,1788395119,2026-09-03T00:25:19Z,NYSE:DIS
28.605645959242583,1.2615317467273996,45.14349843408117,-2.9829290206648635,111.5815,57.8714679860105,1.6569384296742655,107.98,7556681,1788395301,2026-09-03T00:28:21Z,NYSE:DIS
28.605645959242583,1.2615317467273996,45.14349843408117,-2.9829290206648635,111.5815,57.8714679860105,1.6569384296742655,107.98,7556681,1788395480,2026-09-03T00:31:20Z,NYSE:DIS
28.605645959242583,1.2615317467273996,45.14349843408117,-2.9829290206648635,111.5815,57.8714679860105,1.6569384296742655,107.98,7556681,1788395660,2026-09-03T00:34:20Z,NYSE:DIS
28.605645959242583,1.2615317467273996,45.14349843408117,-2.9829290206648635,111.5815,57.8714679860105,1.6569384296742655,107.98,7556681,1788395839,2026-09-03T00:37:19Z,NYSE:DIS
28.605645959242583,1.2615317467273996,45.14349843408117,-2.9829290206648635,111.5815,57.8714679860105,1.6569384296742655,107.98,7556681,1788396017,2026-09-03T00:40:17Z,NYSE:DIS
28.605645959242583,1.2615317467273996,45.14349843408117,-2.9829290206648635,111.5815,57.8714679860105,1.6569384296742655,107.98,7556681,1788396201,2026-09-03T00:43:21Z,NYSE:DIS
28.605645959242583,1.2615317467273996,45.14349843408117,-2.9829290206648635,111.5815,57.8714679860105,1.6569384296742655,107.98,7556681,1788396379,2026-09-03T00:46:19Z,NYSE:DIS
28.605645959242583,1.2615317467273996,45.14349843408117,-2.9829290206648635,111.5815,57.8714679860105,1.6569384296742655,107.98,7556681,1788396564,2026-09-03T00:49:24Z,NYSE:DIS
28.605645959242583,1.2615317467273996,45.14349843408117,-2.9829290206648635,111.5815,57.8714679860105,1.6569384296742655,107.98,7556681,1788396737,2026-09-03T00:52:17Z,NYSE:DIS
28.605645959242583,1.2615317467273996,45.14349843408117,-2.9829290206648635,111.5815,57.8714679860105,1.6569384296742655,107.98,7556681,1788396918,2026-09-03T00:55:18Z,NYSE:DIS
28.605645959242583,1.2615317467273996,45.14349843408117,-2.9829290206648635,111.5815,57.8714679860105,1.6569384296742655,107.98,7556681,1788397103,2026-09-03T00:58:23Z,NYSE:DIS
28.605645959242583,1.2615317467273996,45.14349843408117,-2.9829290206648635,111.5815,57.8714679860105,1.6569384296742655,107.98,7556681,1788397280,2026-09-03T01:01:20Z,NYSE:DIS
28.605645959242583,1.2615317467273996,45.14349843408117,-2.9829290206648635,111.5815,57.8714679860105,1.6569384296742655,107.98,7556681,1788397461,2026-09-03T01:04:21Z,NYSE:DIS
28.605645959242583,1.2615317467273996,45.14349843408117,-2.9829290206648635,111.5815,57.8714679860105,1.6569384296742655,107.98,7556681,1788397642,2026-09-03T01:07:22Z,NYSE:DIS
28.605645959242583,1.2615317467273996,45.14349843408117,-2.9829290206648635,111.5815,57.8714679860105,1.6569384296742655,107.98,7556681,1788397816,2026-09-03T01:10:16Z,NYSE:DIS
28.605645959242583,1.2615317467273996,45.14349843408117,-2.9829290206648635,111.5815,57.8714679860105,1.6569384296742655,107.98,7556681,1788397998,2026-09-03T01:13:18Z,NYSE:DIS
28.605645959242583,1.2615317467273996,45.14349843408117,-2.9829290206648635,111.5815,57.8714679860105,1.6569384296742655,107.98,7556681,1788398181,2026-09-03T01:16:21Z,NYSE:DIS
28.605645959242583,1.2615317467273996,45.14349843408117,-2.9829290206648635,111.5815,57.8714679860105,1.6569384296742655,107.98,7556681,1788398362,2026-09-03T01:19:22Z,NYSE:DIS
28.605645959242583,1.2615317467273996,45.14349843408117,-2.9829290206648635,111.5815,57.8714679860105,1.6569384296742655,107.98,7556681,1788398543,2026-09-03T01:22:23Z,NYSE:DIS
28.605645959242583,1.2615317467273996,45.14349843408117,-2.9829290206648635,111.5815,57.8714679860105,1.6569384296742655,107.98,7556681,1788398717,2026-09-03T01:25:17Z,NYSE:DIS
28.605645959242583,1.2615317467273996,45.14349843408117,-2.9829290206648635,111.5815,57.8714679860105,1.6569384296742655,107.98,7556681,1788398903,2026-09-03T01:28:23Z,NYSE:DIS
28.605645959242583,1.2615317467273996,45.14349843408117,-2.9829290206648635,111.5815,57.8714679860105,1.6569384296742655,107.98,7556681,1788399083,2026-09-03T01:31:23Z,NYSE:DIS
28.605645959242583,1.2615317467273996,45.14349843408117,-2.9829290206648635,111.5815,57.8714679860105,1.6569384296742655,107.98,7556681,1788399258,2026-09-03T01:34:18Z,NYSE:DIS
28.605645959242583,1.2615317467273996,45.14349843408117,-2.9829290206648635,111.5815,57.8714679860105,1.6569384296742655,107.98,7556681,1788399441,2026-09-03T01:37:21Z,NYSE:DIS
28.605645959242583,1.2615317467273996,45.14349843408117,-2.9829290206648635,111.5815,57.8714679860105,1.6569384296742655,107.98,7556681,1788399617,2026-09-03T01:40:17Z,NYSE:DIS
28.605645959242583,1.2615317467273996,45.14349843408117,-2.9829290206648635,111.5815,57.8714679860105,1.6569384296742655,107.98,7556681,1788399801,2026-09-03T01:43:21Z,NYSE:DIS
28.605645959242583,1.2615317467273996,45.14349843408117,-2.9829290206648635,111.5815,57.8714679860105,1.6569384296742655,107.98,7556681,1788399980,2026-09-03T01:46:20Z,NYSE:DIS
28.605645959242583,1.2615317467273996,45.14349843408117,-2.9829290206648635,111.5815,57.8714679860105,1.6569384296742655,107.98,7556681,1788400154,2026-09-03T01:49:14Z,NYSE:DIS
28.605645959242583,1.2615317467273996,45.14349843408117,-2.9829290206648635,111.5815,57.8714679860105,1.6569384296742655,107.98,7556681,1788400340,2026-09-03T01:52:20Z,NYSE:DIS
28.605645959242583,1.2615317467273996,45.14349843408117,-2.9829290206648635,111.5815,57.8714679860105,1.6569384296742655,107.98,7556681,1788400521,2026-09-03T01:55:21Z,NYSE:DIS
28.605645959242583,1.2615317467273996,45.14349843408117,-2.9829290206648635,111.5815,57.8714679860105,1.6569384296742655,107.98,7556681,1788400698,2026-09-03T01:58:18Z,NYSE:DIS
28.605645959242583,1.2615317467273996,45.14349843408117,-2.9829290206648635,111.5815,57.8714679860105,1.6569384296742655,107.98,7556681,1788400880,2026-09-03T02:01:20Z,NYSE:DIS
28.605645959242583,1.2615317467273996,45.14349843408117,-2.9829290206648635,111.5815,57.8714679860105,1.6569384296742655,107.98,7556681,1788401054,2026-09-03T02:04:14Z,NYSE:DIS
28.605645959242583,1.2615317467273996,45.14349843408117,-2.9829290206648635,111.5815,57.8714679860105,1.6569384296742655,107.98,7556681,1788401243,2026-09-03T02:07:23Z,NYSE:DIS
28.605645959242583,1.2615317467273996,45.14349843408117,-2.9829290206648635,111.5815,57.8714679860105,1.6569384296742655,107.98,7556681,1788401423,2026-09-03T02:10:23Z,NYSE:DIS
28.605645959242583,1.2615317467273996,45.14349843408117,-2.9829290206648635,111.5815,57.8714679860105,1.6569384296742655,107.98,7556681,1788401600,2026-09-03T02:13:20Z,NYSE:DIS
28.605645959242583,1.2615317467273996,45.14349843408117,-2.9829290206648635,111.5815,57.8714679860105,1.6569384296742655,107.98,7556681,1788401780,2026-09-03T02:16:20Z,NYSE:DIS
28.605645959242583,1.2615317467273996,45.14349843408117,-2.9829290206648635,111.5815,57.8714679860105,1.6569384296742655,107.98,7556681,1788401958,2026-09-03T02:19:18Z,NYSE:DIS
28.605645959242583,1.2615317467273996,45.14349843408117,-2.9829290206648635,111.5815,57.8714679860105,1.6569384296742655,107.98,7556681,1788402137,2026-09-03T02:22:17Z,NYSE:DIS
28.605645959242583,1.2615317467273996,45.14349843408117,-2.9829290206648635,111.5815,57.8714679860105,1.6569384296742655,107.98,7556681,1788402323,2026-09-03T02:25:23Z,NYSE:DIS
28.605645959242583,1.2615317467273996,45.14349843408117,-2.9829290206648635,111.5815,57.8714679860105,1.6569384296742655,107.98,7556681,1788402500,2026-09-03T02:28:20Z,NYSE:DIS
28.605645959242583,1.2615317467273996,45.14349843408117,-2.9829290206648635,111.5815,57.8714679860105,1.6569384296742655,107.98,7556681,1788402681,2026-09-03T02:31:21Z,NYSE:DIS
28.605645959242583,1.2615317467273996,45.14349843408117,-2.9829290206648635,111.5815,57.8714679860105,1.6569384296742655,107.98,7556681,1788402861,2026-09-03T02:34:21Z,NYSE:DIS
28.605645959242583,1.2615317467273996,45.14349843408117,-2.9829290206648635,111.5815,57.8714679860105,1.6569384296742655,107.98,7556681,1788403036,2026-09-03T02:37:16Z,NYSE:DIS
28.605645959242583,1.2615317467273996,45.14349843408117,-2.9829290206648635,111.5815,57.8714679860105,1.6569384296742655,107.98,7556681,1788403218,2026-09-03T02:40:18Z,NYSE:DIS
28.605645959242583,1.2615317467273996,45.14349843408117,-2.9829290206648635,111.5815,57.8714679860105,1.6569384296742655,107.98,7556681,1788403400,2026-09-03T02:43:20Z,NYSE:DIS
28.605645959242583,1.2615317467273996,45.14349843408117,-2.9829290206648635,111.5815,57.8714679860105,1.6569384296742655,107.98,7556681,1788403577,2026-09-03T02:46:17Z,NYSE:DIS
28.605645959242583,1.2615317467273996,45.14349843408117,-2.9829290206648635,111.5815,57.8714679860105,1.6569384296742655,107.98,7556681,1788403758,2026-09-03T02:49:18Z,NYSE:DIS
28.605645959242583,1.2615317467273996,45.14349843408117,-2.9829290206648635,111.5815,57.8714679860105,1.6569384296742655,107.98,7556681,1788403940,2026-09-03T02:52:20Z,NYSE:DIS
28.605645959242583,1.2615317467273996,45.14349843408117,-2.9829290206648635,111.5815,57.8714679860105,1.6569384296742655,107.98,7556681,1788404126,2026-09-03T02:55:26Z,NYSE:DIS
28.605645959242583,1.2615317467273996,45.14349843408117,-2.9829290206648635,111.5815,57.8714679860105,1.6569384296742655,107.98,7556681,1788404305,2026-09-03T02:58:25Z,NYSE:DIS
28.605645959242583,1.2615317467273996,45.14349843408117,-2.9829290206648635,111.5815,57.8714679860105,1.6569384296742655,107.98,7556681,1788404477,2026-09-03T03:01:17Z,NYSE:DIS
28.605645959242583,1.2615317467273996,45.14349843408117,-2.9829290206648635,111.5815,57.8714679860105,1.6569384296742655,107.98,7556681,1788404662,2026-09-03T03:04:22Z,NYSE:DIS
28.605645959242583,1.2615317467273996,45.14349843408117,-2.9829290206648635,111.5815,57.8714679860105,1.6569384296742655,107.98,7556681,1788404838,2026-09-03T03:07:18Z,NYSE:DIS
28.605645959242583,1.2615317467273996,45.14349843408117,-2.9829290206648635,111.5815,57.8714679860105,1.6569384296742655,107.98,7556681,1788405019,2026-09-03T03:10:19Z,NYSE:DIS
28.605645959242583,1.2615317467273996,45.14349843408117,-2.9829290206648635,111.5815,57.8714679860105,1.6569384296742655,107.98,7556681,1788405199,2026-09-03T03:13:19Z,NYSE:DIS
28.605645959242583,1.2615317467273996,45.14349843408117,-2.9829290206648635,111.5815,57.8714679860105,1.6569384296742655,107.98,7556681,1788405378,2026-09-03T03:16:18Z,NYSE:DIS
28.605645959242583,1.2615317467273996,45.14349843408117,-2.9829290206648635,111.5815,57.8714679860105,1.6569384296742655,107.98,7556681,1788405559,2026-09-03T03:19:19Z,NYSE:DIS
28.605645959242583,1.2615317467273996,45.14349843408117,-2.9829290206648635,111.5815,57.8714679860105,1.6569384296742655,107.98,7556681,1788405740,2026-09-03T03:22:20Z,NYSE:DIS
28.605645959242583,1.2615317467273996,45.14349843408117,-2.9829290206648635,111.5815,57.8714679860105,1.6569384296742655,107.98,7556681,1788405920,2026-09-03T03:25:20Z,NYSE:DIS
28.605645959242583,1.2615317467273996,45.14349843408117,-2.9829290206648635,111.5815,57.8714679860105,1.6569384296742655,107.98,7556681,1788406097,2026-09-03T03:28:17Z,NYSE:DIS
28.605645959242583,1.2615317467273996,45.14349843408117,-2.9829290206648635,111.5815,57.8714679860105,1.6569384296742655,107.98,7556681,1788406277,2026-09-03T03:31:17Z,NYSE:DIS
28.605645959242583,1.2615317467273996,45.14349843408117,-2.9829290206648635,111.5815,57.8714679860105,1.6569384296742655,107.98,7556681,1788406462,2026-09-03T03:34:22Z,NYSE:DIS
28.605645959242583,1.2615317467273996,45.14349843408117,-2.9829290206648635,111.5815,57.8714679860105,1.6569384296742655,107.98,7556681,1788406638,2026-09-03T03:37:18Z,NYSE:DIS
28.605645959242583,1.2615317467273996,45.14349843408117,-2.9829290206648635,111.5815,57.8714679860105,1.6569384296742655,107.98,7556681,1788406820,2026-09-03T03:40:20Z,NYSE:DIS
28.605645959242583,1.2615317467273996,45.14349843408117,-2.9829290206648635,111.5815,57.8714679860105,1.6569384296742655,107.98,7556681,1788406997,2026-09-03T03:43:17Z,NYSE:DIS
28.605645959242583,1.2615317467273996,45.14349843408117,-2.9829290206648635,111.5815,57.8714679860105,1.6569384296742655,107.98,7556681,1788407182,2026-09-03T03:46:22Z,NYSE:DIS
28.605645959242583,1.2615317467273996,45.14349843408117,-2.9829290206648635,111.5815,57.8714679860105,1.6569384296742655,107.98,7556681,1788407358,2026-09-03T03:49:18Z,NYSE:DIS
28.605645959242583,1.2615317467273996,45.14349843408117,-2.9829290206648635,111.5815,57.8714679860105,1.6569384296742655,107.98,7556681,1788407542,2026-09-03T03:52:22Z,NYSE:DIS
28.605645959242583,1.2615317467273996,45.14349843408117,-2.9829290206648635,111.5815,57.8714679860105,1.6569384296742655,107.98,7556681,1788407719,2026-09-03T03:55:19Z,NYSE:DIS
28.605645959242583,1.2615317467273996,45.14349843408117,-2.9829290206648635,111.5815,57.8714679860105,1.6569384296742655,107.98,7556681,1788407901,2026-09-03T03:58:21Z,NYSE:DIS
28.605645959242583,1.2615317467273996,45.14349843408117,-2.9829290206648635,111.5815,57.8714679860105,1.6569384296742655,107.98,7556681,1788408081,2026-09-03T04:01:21Z,NYSE:DIS
28.605645959242583,1.2615317467273996,45.14349843408117,-2.9829290206648635,111.5815,57.8714679860105,1.6569384296742655,107.98,7556681,1788408264,2026-09-03T04:04:24Z,NYSE:DIS
28.605645959242583,1.2615317467273996,45.14349843408117,-2.9829290206648635,111.5815,57.8714679860105,1.6569384296742655,107.98,7556681,1788408439,2026-09-03T04:07:19Z,NYSE:DIS
28.605645959242583,1.2615317467273996,45.14349843408117,-2.9829290206648635,111.5815,57.8714679860105,1.6569384296742655,107.98,7556681,1788408615,2026-09-03T04:10:15Z,NYSE:DIS
28.605645959242583,1.2615317467273996,45.14349843408117,-2.9829290206648635,111.5815,57.8714679860105,1.6569384296742655,107.98,7556681,1788408801,2026-09-03T04:13:21Z,NYSE:DIS
28.605645959242583,1.2615317467273996,45.14349843408117,-2.9829290206648635,111.5815,57.8714679860105,1.6569384296742655,107.98,7556681,1788408982,2026-09-03T04:16:22Z,NYSE:DIS
28.605645959242583,1.2615317467273996,45.14349843408117,-2.9829290206648635,111.5815,57.8714679860105,1.6569384296742655,107.98,7556681,1788409161,2026-09-03T04:19:21Z,NYSE:DIS
28.605645959242583,1.2615317467273996,45.14349843408117,-2.9829290206648635,111.5815,57.8714679860105,1.6569384296742655,107.98,7556681,1788409341,2026-09-03T04:22:21Z,NYSE:DIS
28.605645959242583,1.2615317467273996,45.14349843408117,-2.9829290206648635,111.5815,57.8714679860105,1.6569384296742655,107.98,7556681,1788409522,2026-09-03T04:25:22Z,NYSE:DIS
28.605645959242583,1.2615317467273996,45.14349843408117,-2.9829290206648635,111.5815,57.8714679860105,1.6569384296742655,107.98,7556681,1788409700,2026-09-03T04:28:20Z,NYSE:DIS
28.605645959242583,1.2615317467273996,45.14349843408117,-2.9829290206648635,111.5815,57.8714679860105,1.6569384296742655,107.98,7556681,1788409879,2026-09-03T04:31:19Z,NYSE:DIS
28.605645959242583,1.2615317467273996,45.14349843408117,-2.9829290206648635,111.5815,57.8714679860105,1.6569384296742655,107.98,7556681,1788410059,2026-09-03T04:34:19Z,NYSE:DIS
28.605645959242583,1.2615317467273996,45.14349843408117,-2.9829290206648635,111.5815,57.8714679860105,1.6569384296742655,107.98,7556681,1788410240,2026-09-03T04:37:20Z,NYSE:DIS
28.605645959242583,1.2615317467273996,45.14349843408117,-2.9829290206648635,111.5815,57.8714679860105,1.6569384296742655,107.98,7556681,1788410416,2026-09-03T04:40:16Z,NYSE:DIS
28.605645959242583,1.2615317467273996,45.14349843408117,-2.9829290206648635,111.5815,57.8714679860105,1.6569384296742655,107.98,7556681,1788410598,2026-09-03T04:43:18Z,NYSE:DIS
28.605645959242583,1.2615317467273996,45.14349843408117,-2.9829290206648635,111.5815,57.8714679860105,1.6569384296742655,107.98,7556681,1788410783,2026-09-03T04:46:23Z,NYSE:DIS
28.605645959242583,1.2615317467273996,45.14349843408117,-2.9829290206648635,111.5815,57.8714679860105,1.6569384296742655,107.98,7556681,1788410955,2026-09-03T04:49:15Z,NYSE:DIS
28.605645959242583,1.2615317467273996,45.14349843408117,-2.9829290206648635,111.5815,57.8714679860105,1.6569384296742655,107.98,7556681,1788411138,2026-09-03T04:52:18Z,NYSE:DIS
28.605645959242583,1.2615317467273996,45.14349843408117,-2.9829290206648635,111.5815,57.8714679860105,1.6569384296742655,107.98,7556681,1788411319,2026-09-03T04:55:19Z,NYSE:DIS
28.605645959242583,1.2615317467273996,45.14349843408117,-2.9829290206648635,111.5815,57.8714679860105,1.6569384296742655,107.98,7556681,1788411497,2026-09-03T04:58:17Z,NYSE:DIS
28.605645959242583,1.2615317467273996,45.14349843408117,-2.9829290206648635,111.5815,57.8714679860105,1.6569384296742655,107.98,7556681,1788411681,2026-09-03T05:01:21Z,NYSE:DIS
28.605645959242583,1.2615317467273996,45.14349843408117,-2.9829290206648635,111.5815,57.8714679860105,1.6569384296742655,107.98,7556681,1788411861,2026-09-03T05:04:21Z,NYSE:DIS
28.605645959242583,1.2615317467273996,45.14349843408117,-2.9829290206648635,111.5815,57.8714679860105,1.6569384296742655,107.98,7556681,1788412042,2026-09-03T05:07:22Z,NYSE:DIS
28.605645959242583,1.2615317467273996,45.14349843408117,-2.9829290206648635,111.5815,57.8714679860105,1.6569384296742655,107.98,7556681,1788412218,2026-09-03T05:10:18Z,NYSE:DIS
28.605645959242583,1.2615317467273996,45.14349843408117,-2.9829290206648635,111.5815,57.8714679860105,1.6569384296742655,107.98,7556681,1788412397,2026-09-03T05:13:17Z,NYSE:DIS
28.605645959242583,1.2615317467273996,45.14349843408117,-2.9829290206648635,111.5815,57.8714679860105,1.6569384296742655,107.98,7556681,1788412581,2026-09-03T05:16:21Z,NYSE:DIS
28.605645959242583,1.2615317467273996,45.14349843408117,-2.9829290206648635,111.5815,57.8714679860105,1.6569384296742655,107.98,7556681,1788412755,2026-09-03T05:19:15Z,NYSE:DIS
28.605645959242583,1.2615317467273996,45.14349843408117,-2.9829290206648635,111.5815,57.8714679860105,1.6569384296742655,107.98,7556681,1788412940,2026-09-03T05:22:20Z,NYSE:DIS
28.605645959242583,1.2615317467273996,45.14349843408117,-2.9829290206648635,111.5815,57.8714679860105,1.6569384296742655,107.98,7556681,1788413120,2026-09-03T05:25:20Z,NYSE:DIS
28.605645959242583,1.2615317467273996,45.14349843408117,-2.9829290206648635,111.5815,57.8714679860105,1.6569384296742655,107.98,7556681,1788413303,2026-09-03T05:28:23Z,NYSE:DIS
28.605645959242583,1.2615317467273996,45.14349843408117,-2.9829290206648635,111.5815,57.8714679860105,1.6569384296742655,107.98,7556681,1788413480,2026-09-03T05:31:20Z,NYSE:DIS
28.605645959242583,1.2615317467273996,45.14349843408117,-2.9829290206648635,111.5815,57.8714679860105,1.6569384296742655,107.98,7556681,1788413659,2026-09-03T05:34:19Z,NYSE:DIS
28.605645959242583,1.2615317467273996,45.14349843408117,-2.9829290206648635,111.5815,57.8714679860105,1.6569384296742655,107.98,7556681,1788413839,2026-09-03T05:37:19Z,NYSE:DIS
28.605645959242583,1.2615317467273996,45.14349843408117,-2.9829290206648635,111.5815,57.8714679860105,1.6569384296742655,107.98,7556681,1788414014,2026-09-03T05:40:14Z,NYSE:DIS
28.605645959242583,1.2615317467273996,45.14349843408117,-2.9829290206648635,111.5815,57.8714679860105,1.6569384296742655,107.98,7556681,1788414201,2026-09-03T05:43:21Z,NYSE:DIS
28.605645959242583,1.2615317467273996,45.14349843408117,-2.9829290206648635,111.5815,57.8714679860105,1.6569384296742655,107.98,7556681,1788414381,2026-09-03T05:46:21Z,NYSE:DIS
28.605645959242583,1.2615317467273996,45.14349843408117,-2.9829290206648635,111.5815,57.8714679860105,1.6569384296742655,107.98,7556681,1788414560,2026-09-03T05:49:20Z,NYSE:DIS
28.605645959242583,1.2615317467273996,45.14349843408117,-2.9829290206648635,111.5815,57.8714679860105,1.6569384296742655,107.98,7556681,1788414737,2026-09-03T05:52:17Z,NYSE:DIS
28.605645959242583,1.2615317467273996,45.14349843408117,-2.9829290206648635,111.5815,57.8714679860105,1.6569384296742655,107.98,7556681,1788414922,2026-09-03T05:55:22Z,NYSE:DIS
28.605645959242583,1.2615317467273996,45.14349843408117,-2.9829290206648635,111.5815,57.8714679860105,1.6569384296742655,107.98,7556681,1788415099,2026-09-03T05:58:19Z,NYSE:DIS
28.605645959242583,1.2615317467273996,45.14349843408117,-2.9829290206648635,111.5815,57.8714679860105,1.6569384296742655,107.98,7556681,1788415282,2026-09-03T06:01:22Z,NYSE:DIS
28.605645959242583,1.2615317467273996,45.14349843408117,-2.9829290206648635,111.5815,57.8714679860105,1.6569384296742655,107.98,7556681,1788415463,2026-09-03T06:04:23Z,NYSE:DIS
28.605645959242583,1.2615317467273996,45.14349843408117,-2.9829290206648635,111.5815,57.8714679860105,1.6569384296742655,107.98,7556681,1788415639,2026-09-03T06:07:19Z,NYSE:DIS
28.605645959242583,1.2615317467273996,45.14349843408117,-2.9829290206648635,111.5815,57.8714679860105,1.6569384296742655,107.98,7556681,1788415821,2026-09-03T06:10:21Z,NYSE:DIS
28.605645959242583,1.2615317467273996,45.14349843408117,-2.9829290206648635,111.5815,57.8714679860105,1.6569384296742655,107.98,7556681,1788416004,2026-09-03T06:13:24Z,NYSE:DIS
28.605645959242583,1.2615317467273996,45.14349843408117,-2.9829290206648635,111.5815,57.8714679860105,1.6569384296742655,107.98,7556681,1788416182,2026-09-03T06:16:22Z,NYSE:DIS
28.605645959242583,1.2615317467273996,45.14349843408117,-2.9829290206648635,111.5815,57.8714679860105,1.6569384296742655,107.98,7556681,1788416362,2026-09-03T06:19:22Z,NYSE:DIS
28.605645959242583,1.2615317467273996,45.14349843408117,-2.9829290206648635,111.5815,57.8714679860105,1.6569384296742655,107.98,7556681,1788416540,2026-09-03T06:22:20Z,NYSE:DIS
28.605645959242583,1.2615317467273996,45.14349843408117,-2.9829290206648635,111.5815,57.8714679860105,1.6569384296742655,107.98,7556681,1788416720,2026-09-03T06:25:20Z,NYSE:DIS
28.605645959242583,1.2615317467273996,45.14349843408117,-2.9829290206648635,111.5815,57.8714679860105,1.6569384296742655,107.98,7556681,1788416900,2026-09-03T06:28:20Z,NYSE:DIS
28.605645959242583,1.2615317467273996,45.14349843408117,-2.9829290206648635,111.5815,57.8714679860105,1.6569384296742655,107.98,7556681,1788417083,2026-09-03T06:31:23Z,NYSE:DIS
28.605645959242583,1.2615317467273996,45.14349843408117,-2.9829290206648635,111.5815,57.8714679860105,1.6569384296742655,107.98,7556681,1788417256,2026-09-03T06:34:16Z,NYSE:DIS
28.605645959242583,1.2615317467273996,45.14349843408117,-2.9829290206648635,111.5815,57.8714679860105,1.6569384296742655,107.98,7556681,1788417440,2026-09-03T06:37:20Z,NYSE:DIS
28.605645959242583,1.2615317467273996,45.14349843408117,-2.9829290206648635,111.5815,57.8714679860105,1.6569384296742655,107.98,7556681,1788417619,2026-09-03T06:40:19Z,NYSE:DIS
28.605645959242583,1.2615317467273996,45.14349843408117,-2.9829290206648635,111.5815,57.8714679860105,1.6569384296742655,107.98,7556681,1788417801,2026-09-03T06:43:21Z,NYSE:DIS
28.605645959242583,1.2615317467273996,45.14349843408117,-2.9829290206648635,111.5815,57.8714679860105,1.6569384296742655,107.98,7556681,1788417984,2026-09-03T06:46:24Z,NYSE:DIS
28.605645959242583,1.2615317467273996,45.14349843408117,-2.9829290206648635,111.5815,57.8714679860105,1.6569384296742655,107.98,7556681,1788418156,2026-09-03T06:49:16Z,NYSE:DIS
28.605645959242583,1.2615317467273996,45.14349843408117,-2.9829290206648635,111.5815,57.8714679860105,1.6569384296742655,107.98,7556681,1788418341,2026-09-03T06:52:21Z,NYSE:DIS
28.605645959242583,1.2615317467273996,45.14349843408117,-2.9829290206648635,111.5815,57.8714679860105,1.6569384296742655,107.98,7556681,1788418521,2026-09-03T06:55:21Z,NYSE:DIS
28.605645959242583,1.2615317467273996,45.14349843408117,-2.9829290206648635,111.5815,57.8714679860105,1.6569384296742655,107.98,7556681,1788418696,2026-09-03T06:58:16Z,NYSE:DIS
28.605645959242583,1.2615317467273996,45.14349843408117,-2.9829290206648635,111.5815,57.8714679860105,1.6569384296742655,107.98,7556681,1788418878,2026-09-03T07:01:18Z,NYSE:DIS
28.605645959242583,1.2615317467273996,45.14349843408117,-2.9829290206648635,111.5815,57.8714679860105,1.6569384296742655,107.98,7556681,1788419060,2026-09-03T07:04:20Z,NYSE:DIS
28.605645959242583,1.2615317467273996,45.14349843408117,-2.9829290206648635,111.5815,57.8714679860105,1.6569384296742655,107.98,7556681,1788419238,2026-09-03T07:07:18Z,NYSE:DIS
28.605645959242583,1.2615317467273996,45.14349843408117,-2.9829290206648635,111.5815,57.8714679860105,1.6569384296742655,107.98,7556681,1788419421,2026-09-03T07:10:21Z,NYSE:DIS
28.605645959242583,1.2615317467273996,45.14349843408117,-2.9829290206648635,111.5815,57.8714679860105,1.6569384296742655,107.98,7556681,1788419600,2026-09-03T07:13:20Z,NYSE:DIS
28.605645959242583,1.2615317467273996,45.14349843408117,-2.9829290206648635,111.5815,57.8714679860105,1.6569384296742655,107.98,7556681,1788419779,2026-09-03T07:16:19Z,NYSE:DIS
28.605645959242583,1.2615317467273996,45.14349843408117,-2.9829290206648635,111.5815,57.8714679860105,1.6569384296742655,107.98,7556681,1788419958,2026-09-03T07:19:18Z,NYSE:DIS
28.605645959242583,1.2615317467273996,45.14349843408117,-2.9829290206648635,111.5815,57.8714679860105,1.6569384296742655,107.98,7556681,1788420139,2026-09-03T07:22:19Z,NYSE:DIS
28.605645959242583,1.2615317467273996,45.14349843408117,-2.9829290206648635,111.5815,57.8714679860105,1.6569384296742655,107.98,7556681,1788420321,2026-09-03T07:25:21Z,NYSE:DIS
28.605645959242583,1.2615317467273996,45.14349843408117,-2.9829290206648635,111.5815,57.8714679860105,1.6569384296742655,107.98,7556681,1788420499,2026-09-03T07:28:19Z,NYSE:DIS
28.605645959242583,1.2615317467273996,45.14349843408117,-2.9829290206648635,111.5815,57.8714679860105,1.6569384296742655,107.98,7556681,1788420679,2026-09-03T07:31:19Z,NYSE:DIS
28.605645959242583,1.2615317467273996,45.14349843408117,-2.9829290206648635,111.5815,57.8714679860105,1.6569384296742655,107.98,7556681,1788420861,2026-09-03T07:34:21Z,NYSE:DIS
28.605645959242583,1.2615317467273996,45.14349843408117,-2.9829290206648635,111.5815,57.8714679860105,1.6569384296742655,107.98,7556681,1788421037,2026-09-03T07:37:17Z,NYSE:DIS
28.605645959242583,1.2615317467273996,45.14349843408117,-2.9829290206648635,111.5815,57.8714679860105,1.6569384296742655,107.98,7556681,1788421216,2026-09-03T07:40:16Z,NYSE:DIS
28.605645959242583,1.2615317467273996,45.14349843408117,-2.9829290206648635,111.5815,57.8714679860105,1.6569384296742655,107.98,7556681,1788421400,2026-09-03T07:43:20Z,NYSE:DIS
28.605645959242583,1.2615317467273996,45.14349843408117,-2.9829290206648635,111.5815,57.8714679860105,1.6569384296742655,107.98,7556681,1788421579,2026-09-03T07:46:19Z,NYSE:DIS
28.605645959242583,1.2615317467273996,45.14349843408117,-2.9829290206648635,111.5815,57.8714679860105,1.6569384296742655,107.98,7556681,1788421758,2026-09-03T07:49:18Z,NYSE:DIS
28.605645959242583,1.2615317467273996,45.14349843408117,-2.9829290206648635,111.5815,57.8714679860105,1.6569384296742655,107.98,7556681,1788421941,2026-09-03T07:52:21Z,NYSE:DIS
28.605645959242583,1.2615317467273996,45.14349843408117,-2.9829290206648635,111.5815,57.8714679860105,1.6569384296742655,107.98,7556681,1788422119,2026-09-03T07:55:19Z,NYSE:DIS
28.605645959242583,1.2615317467273996,45.14349843408117,-2.9829290206648635,111.5815,57.8714679860105,1.6569384296742655,107.98,7556681,1788422302,2026-09-03T07:58:22Z,NYSE:DIS
28.605645959242583,1.2615317467273996,45.14349843408117,-2.9829290206648635,111.5815,57.8714679860105,1.6569384296742655,107.98,7556681,1788422479,2026-09-03T08:01:19Z,NYSE:DIS
28.605645959242583,1.2615317467273996,45.14349843408117,-2.9829290206648635,111.5815,57.8714679860105,1.6569384296742655,107.98,7556681,1788422655,2026-09-03T08:04:15Z,NYSE:DIS
28.605645959242583,1.2615317467273996,45.14349843408117,-2.9829290206648635,111.5815,57.8714679860105,1.6569384296742655,107.98,7556681,1788422841,2026-09-03T08:07:21Z,NYSE:DIS
28.605645959242583,1.2615317467273996,45.14349843408117,-2.9829290206648635,111.5815,57.8714679860105,1.6569384296742655,107.98,7556681,1788423020,2026-09-03T08:10:20Z,NYSE:DIS
28.605645959242583,1.2615317467273996,45.14349843408117,-2.9829290206648635,111.5815,57.8714679860105,1.6569384296742655,107.98,7556681,1788423204,2026-09-03T08:13:24Z,NYSE:DIS
28.605645959242583,1.2615317467273996,45.14349843408117,-2.9829290206648635,111.5815,57.8714679860105,1.6569384296742655,107.98,7556681,1788423376,2026-09-03T08:16:16Z,NYSE:DIS
28.605645959242583,1.2615317467273996,45.14349843408117,-2.9829290206648635,111.5815,57.8714679860105,1.6569384296742655,107.98,7556681,1788423561,2026-09-03T08:19:21Z,NYSE:DIS
28.605645959242583,1.2615317467273996,45.14349843408117,-2.9829290206648635,111.5815,57.8714679860105,1.6569384296742655,107.98,7556681,1788423739,2026-09-03T08:22:19Z,NYSE:DIS
28.605645959242583,1.2615317467273996,45.14349843408117,-2.9829290206648635,111.5815,57.8714679860105,1.6569384296742655,107.98,7556681,1788423919,2026-09-03T08:25:19Z,NYSE:DIS
28.605645959242583,1.2615317467273996,45.14349843408117,-2.9829290206648635,111.5815,57.8714679860105,1.6569384296742655,107.98,7556681,1788424100,2026-09-03T08:28:20Z,NYSE:DIS
28.605645959242583,1.2615317467273996,45.14349843408117,-2.9829290206648635,111.5815,57.8714679860105,1.6569384296742655,107.98,7556681,1788424277,2026-09-03T08:31:17Z,NYSE:DIS
28.605645959242583,1.2615317467273996,45.14349843408117,-2.9829290206648635,111.5815,57.8714679860105,1.6569384296742655,107.98,7556681,1788424465,2026-09-03T08:34:25Z,NYSE:DIS
28.605645959242583,1.2615317467273996,45.14349843408117,-2.9829290206648635,111.5815,57.8714679860105,1.6569384296742655,107.98,7556681,1788424641,2026-09-03T08:37:21Z,NYSE:DIS
28.605645959242583,1.2615317467273996,45.14349843408117,-2.9829290206648635,111.5815,57.8714679860105,1.6569384296742655,107.98,7556681,1788424822,2026-09-03T08:40:22Z,NYSE:DIS
28.605645959242583,1.2615317467273996,45.14349843408117,-2.9829290206648635,111.5815,57.8714679860105,1.6569384296742655,107.98,7556681,1788425002,2026-09-03T08:43:22Z,NYSE:DIS
28.605645959242583,1.2615317467273996,45.14349843408117,-2.9829290206648635,111.5815,57.8714679860105,1.6569384296742655,107.98,7556681,1788425181,2026-09-03T08:46:21Z,NYSE:DIS
28.605645959242583,1.2615317467273996,45.14349843408117,-2.9829290206648635,111.5815,57.8714679860105,1.6569384296742655,107.98,7556681,1788425361,2026-09-03T08:49:21Z,NYSE:DIS
28.605645959242583,1.2615317467273996,45.14349843408117,-2.9829290206648635,111.5815,57.8714679860105,1.6569384296742655,107.98,7556681,1788425541,2026-09-03T08:52:21Z,NYSE:DIS
28.605645959242583,1.2615317467273996,45.14349843408117,-2.9829290206648635,111.5815,57.8714679860105,1.6569384296742655,107.98,7556681,1788425736,2026-09-03T08:55:36Z,NYSE:DIS
28.605645959242583,1.2615317467273996,45.14349843408117,-2.9829290206648635,111.5815,57.8714679860105,1.6569384296742655,107.98,7556681,1788425900,2026-09-03T08:58:20Z,NYSE:DIS
28.605645959242583,1.2615317467273996,45.14349843408117,-2.9829290206648635,111.5815,57.8714679860105,1.6569384296742655,107.98,7556681,1788426075,2026-09-03T09:01:15Z,NYSE:DIS
28.605645959242583,1.2615317467273996,45.14349843408117,-2.9829290206648635,111.5815,57.8714679860105,1.6569384296742655,107.98,7556681,1788426258,2026-09-03T09:04:18Z,NYSE:DIS
28.605645959242583,1.2615317467273996,45.14349843408117,-2.9829290206648635,111.5815,57.8714679860105,1.6569384296742655,107.98,7556681,1788426443,2026-09-03T09:07:23Z,NYSE:DIS
28.605645959242583,1.2615317467273996,45.14349843408117,-2.9829290206648635,111.5815,57.8714679860105,1.6569384296742655,107.98,7556681,1788426616,2026-09-03T09:10:16Z,NYSE:DIS
28.605645959242583,1.2615317467273996,45.14349843408117,-2.9829290206648635,111.5815,57.8714679860105,1.6569384296742655,107.98,7556681,1788426800,2026-09-03T09:13:20Z,NYSE:DIS
28.605645959242583,1.2615317467273996,45.14349843408117,-2.9829290206648635,111.5815,57.8714679860105,1.6569384296742655,107.98,7556681,1788426978,2026-09-03T09:16:18Z,NYSE:DIS
28.605645959242583,1.2615317467273996,45.14349843408117,-2.9829290206648635,111.5815,57.8714679860105,1.6569384296742655,107.98,7556681,1788427158,2026-09-03T09:19:18Z,NYSE:DIS
28.605645959242583,1.2615317467273996,45.14349843408117,-2.9829290206648635,111.5815,57.8714679860105,1.6569384296742655,107.98,7556681,1788427340,2026-09-03T09:22:20Z,NYSE:DIS
28.605645959242583,1.2615317467273996,45.14349843408117,-2.9829290206648635,111.5815,57.8714679860105,1.6569384296742655,107.98,7556681,1788427515,2026-09-03T09:25:15Z,NYSE:DIS
28.605645959242583,1.2615317467273996,45.14349843408117,-2.9829290206648635,111.5815,57.8714679860105,1.6569384296742655,107.98,7556681,1788427696,2026-09-03T09:28:16Z,NYSE:DIS
28.605645959242583,1.2615317467273996,45.14349843408117,-2.9829290206648635,111.5815,57.8714679860105,1.6569384296742655,107.98,7556681,1788427882,2026-09-03T09:31:22Z,NYSE:DIS
28.605645959242583,1.2615317467273996,45.14349843408117,-2.9829290206648635,111.5815,57.8714679860105,1.6569384296742655,107.98,7556681,1788428062,2026-09-03T09:34:22Z,NYSE:DIS
28.605645959242583,1.2615317467273996,45.14349843408117,-2.9829290206648635,111.5815,57.8714679860105,1.6569384296742655,107.98,7556681,1788428244,2026-09-03T09:37:24Z,NYSE:DIS
28.605645959242583,1.2615317467273996,45.14349843408117,-2.9829290206648635,111.5815,57.8714679860105,1.6569384296742655,107.98,7556681,1788428421,2026-09-03T09:40:21Z,NYSE:DIS
28.605645959242583,1.2615317467273996,45.14349843408117,-2.9829290206648635,111.5815,57.8714679860105,1.6569384296742655,107.98,7556681,1788428602,2026-09-03T09:43:22Z,NYSE:DIS
28.605645959242583,1.2615317467273996,45.14349843408117,-2.9829290206648635,111.5815,57.8714679860105,1.6569384296742655,107.98,7556681,1788428780,2026-09-03T09:46:20Z,NYSE:DIS
28.605645959242583,1.2615317467273996,45.14349843408117,-2.9829290206648635,111.5815,57.8714679860105,1.6569384296742655,107.98,7556681,1788428964,2026-09-03T09:49:24Z,NYSE:DIS
28.605645959242583,1.2615317467273996,45.14349843408117,-2.9829290206648635,111.5815,57.8714679860105,1.6569384296742655,107.98,7556681,1788429144,2026-09-03T09:52:24Z,NYSE:DIS
28.605645959242583,1.2615317467273996,45.14349843408117,-2.9829290206648635,111.5815,57.8714679860105,1.6569384296742655,107.98,7556681,1788429323,2026-09-03T09:55:23Z,NYSE:DIS
28.605645959242583,1.2615317467273996,45.14349843408117,-2.9829290206648635,111.5815,57.8714679860105,1.6569384296742655,107.98,7556681,1788429496,2026-09-03T09:58:16Z,NYSE:DIS
28.605645959242583,1.2615317467273996,45.14349843408117,-2.9829290206648635,111.5815,57.8714679860105,1.6569384296742655,107.98,7556681,1788429681,2026-09-03T10:01:21Z,NYSE:DIS
28.605645959242583,1.2615317467273996,45.14349843408117,-2.9829290206648635,111.5815,57.8714679860105,1.6569384296742655,107.98,7556681,1788429863,2026-09-03T10:04:23Z,NYSE:DIS
28.605645959242583,1.2615317467273996,45.14349843408117,-2.9829290206648635,111.5815,57.8714679860105,1.6569384296742655,107.98,7556681,1788430044,2026-09-03T10:07:24Z,NYSE:DIS
28.605645959242583,1.2615317467273996,45.14349843408117,-2.9829290206648635,111.5815,57.8714679860105,1.6569384296742655,107.98,7556681,1788430216,2026-09-03T10:10:16Z,NYSE:DIS
28.605645959242583,1.2615317467273996,45.14349843408117,-2.9829290206648635,111.5815,57.8714679860105,1.6569384296742655,107.98,7556681,1788430402,2026-09-03T10:13:22Z,NYSE:DIS
28.605645959242583,1.2615317467273996,45.14349843408117,-2.9829290206648635,111.5815,57.8714679860105,1.6569384296742655,107.98,7556681,1788430578,2026-09-03T10:16:18Z,NYSE:DIS
28.605645959242583,1.2615317467273996,45.14349843408117,-2.9829290206648635,111.5815,57.8714679860105,1.6569384296742655,107.98,7556681,1788430757,2026-09-03T10:19:17Z,NYSE:DIS
28.605645959242583,1.2615317467273996,45.14349843408117,-2.9829290206648635,111.5815,57.8714679860105,1.6569384296742655,107.98,7556681,1788430943,2026-09-03T10:22:23Z,NYSE:DIS
28.605645959242583,1.2615317467273996,45.14349843408117,-2.9829290206648635,111.5815,57.8714679860105,1.6569384296742655,107.98,7556681,1788431119,2026-09-03T10:25:19Z,NYSE:DIS
28.605645959242583,1.2615317467273996,45.14349843408117,-2.9829290206648635,111.5815,57.8714679860105,1.6569384296742655,107.98,7556681,1788431299,2026-09-03T10:28:19Z,NYSE:DIS
28.605645959242583,1.2615317467273996,45.14349843408117,-2.9829290206648635,111.5815,57.8714679860105,1.6569384296742655,107.98,7556681,1788431480,2026-09-03T10:31:20Z,NYSE:DIS
28.605645959242583,1.2615317467273996,45.14349843408117,-2.9829290206648635,111.5815,57.8714679860105,1.6569384296742655,107.98,7556681,1788431661,2026-09-03T10:34:21Z,NYSE:DIS
28.605645959242583,1.2615317467273996,45.14349843408117,-2.9829290206648635,111.5815,57.8714679860105,1.6569384296742655,107.98,7556681,1788431840,2026-09-03T10:37:20Z,NYSE:DIS
28.605645959242583,1.2615317467273996,45.14349843408117,-2.9829290206648635,111.5815,57.8714679860105,1.6569384296742655,107.98,7556681,1788432019,2026-09-03T10:40:19Z,NYSE:DIS
28.605645959242583,1.2615317467273996,45.14349843408117,-2.9829290206648635,111.5815,57.8714679860105,1.6569384296742655,107.98,7556681,1788432197,2026-09-03T10:43:17Z,NYSE:DIS
28.605645959242583,1.2615317467273996,45.14349843408117,-2.9829290206648635,111.5815,57.8714679860105,1.6569384296742655,107.98,7556681,1788432384,2026-09-03T10:46:24Z,NYSE:DIS
28.605645959242583,1.2615317467273996,45.14349843408117,-2.9829290206648635,111.5815,57.8714679860105,1.6569384296742655,107.98,7556681,1788432560,2026-09-03T10:49:20Z,NYSE:DIS
28.605645959242583,1.2615317467273996,45.14349843408117,-2.9829290206648635,111.5815,57.8714679860105,1.6569384296742655,107.98,7556681,1788432743,2026-09-03T10:52:23Z,NYSE:DIS
28.605645959242583,1.2615317467273996,45.14349843408117,-2.9829290206648635,111.5815,57.8714679860105,1.6569384296742655,107.98,7556681,1788432924,2026-09-03T10:55:24Z,NYSE:DIS
28.605645959242583,1.2615317467273996,45.14349843408117,-2.9829290206648635,111.5815,57.8714679860105,1.6569384296742655,107.98,7556681,1788433098,2026-09-03T10:58:18Z,NYSE:DIS
28.605645959242583,1.2615317467273996,45.14349843408117,-2.9829290206648635,111.5815,57.8714679860105,1.6569384296742655,107.98,7556681,1788433276,2026-09-03T11:01:16Z,NYSE:DIS
28.605645959242583,1.2615317467273996,45.14349843408117,-2.9829290206648635,111.5815,57.8714679860105,1.6569384296742655,107.98,7556681,1788433463,2026-09-03T11:04:23Z,NYSE:DIS
28.605645959242583,1.2615317467273996,45.14349843408117,-2.9829290206648635,111.5815,57.8714679860105,1.6569384296742655,107.98,7556681,1788433638,2026-09-03T11:07:18Z,NYSE:DIS
28.605645959242583,1.2615317467273996,45.14349843408117,-2.9829290206648635,111.5815,57.8714679860105,1.6569384296742655,107.98,7556681,1788433819,2026-09-03T11:10:19Z,NYSE:DIS
28.605645959242583,1.2615317467273996,45.14349843408117,-2.9829290206648635,111.5815,57.8714679860105,1.6569384296742655,107.98,7556681,1788434004,2026-09-03T11:13:24Z,NYSE:DIS
28.605645959242583,1.2615317467273996,45.14349843408117,-2.9829290206648635,111.5815,57.8714679860105,1.6569384296742655,107.98,7556681,1788434174,2026-09-03T11:16:14Z,NYSE:DIS
28.605645959242583,1.2615317467273996,45.14349843408117,-2.9829290206648635,111.5815,57.8714679860105,1.6569384296742655,107.98,7556681,1788434359,2026-09-03T11:19:19Z,NYSE:DIS
28.605645959242583,1.2615317467273996,45.14349843408117,-2.9829290206648635,111.5815,57.8714679860105,1.6569384296742655,107.98,7556681,1788434546,2026-09-03T11:22:26Z,NYSE:DIS
28.605645959242583,1.2615317467273996,45.14349843408117,-2.9829290206648635,111.5815,57.8714679860105,1.6569384296742655,107.98,7556681,1788434721,2026-09-03T11:25:21Z,NYSE:DIS
28.605645959242583,1.2615317467273996,45.14349843408117,-2.9829290206648635,111.5815,57.8714679860105,1.6569384296742655,107.98,7556681,1788434896,2026-09-03T11:28:16Z,NYSE:DIS
28.605645959242583,1.2615317467273996,45.14349843408117,-2.9829290206648635,111.5815,57.8714679860105,1.6569384296742655,107.98,7556681,1788435081,2026-09-03T11:31:21Z,NYSE:DIS
28.605645959242583,1.2615317467273996,45.14349843408117,-2.9829290206648635,111.5815,57.8714679860105,1.6569384296742655,107.98,7556681,1788435254,2026-09-03T11:34:14Z,NYSE:DIS
28.605645959242583,1.2615317467273996,45.14349843408117,-2.9829290206648635,111.5815,57.8714679860105,1.6569384296742655,107.98,7556681,1788435440,2026-09-03T11:37:20Z,NYSE:DIS
28.605645959242583,1.2615317467273996,45.14349843408117,-2.9829290206648635,111.5815,57.8714679860105,1.6569384296742655,107.98,7556681,1788435621,2026-09-03T11:40:21Z,NYSE:DIS
28.605645959242583,1.2615317467273996,45.14349843408117,-2.9829290206648635,111.5815,57.8714679860105,1.6569384296742655,107.98,7556681,1788435800,2026-09-03T11:43:20Z,NYSE:DIS
28.605645959242583,1.2615317467273996,45.14349843408117,-2.9829290206648635,111.5815,57.8714679860105,1.6569384296742655,107.98,7556681,1788435982,2026-09-03T11:46:22Z,NYSE:DIS
28.605645959242583,1.2615317467273996,45.14349843408117,-2.9829290206648635,111.5815,57.8714679860105,1.6569384296742655,107.98,7556681,1788436159,2026-09-03T11:49:19Z,NYSE:DIS
28.605645959242583,1.2615317467273996,45.14349843408117,-2.9829290206648635,111.5815,57.8714679860105,1.6569384296742655,107.98,7556681,1788436337,2026-09-03T11:52:17Z,NYSE:DIS
28.605645959242583,1.2615317467273996,45.14349843408117,-2.9829290206648635,111.5815,57.8714679860105,1.6569384296742655,107.98,7556681,1788436518,2026-09-03T11:55:18Z,NYSE:DIS
28.605645959242583,1.2615317467273996,45.14349843408117,-2.9829290206648635,111.5815,57.8714679860105,1.6569384296742655,107.98,7556681,1788436701,2026-09-03T11:58:21Z,NYSE:DIS
28.605645959242583,1.2615317467273996,45.14349843408117,-2.9829290206648635,111.5815,57.8714679860105,1.6569384296742655,107.98,7556681,1788436881,2026-09-03T12:01:21Z,NYSE:DIS
28.605645959242583,1.2615317467273996,45.14349843408117,-2.9829290206648635,111.5815,57.8714679860105,1.6569384296742655,107.98,7556681,1788437060,2026-09-03T12:04:20Z,NYSE:DIS
28.605645959242583,1.2615317467273996,45.14349843408117,-2.9829290206648635,111.5815,57.8714679860105,1.6569384296742655,107.98,7556681,1788437236,2026-09-03T12:07:16Z,NYSE:DIS
28.605645959242583,1.2615317467273996,45.14349843408117,-2.9829290206648635,111.5815,57.8714679860105,1.6569384296742655,107.98,7556681,1788437416,2026-09-03T12:10:16Z,NYSE:DIS
28.605645959242583,1.2615317467273996,45.14349843408117,-2.9829290206648635,111.5815,57.8714679860105,1.6569384296742655,107.98,7556681,1788437599,2026-09-03T12:13:19Z,NYSE:DIS
28.605645959242583,1.2615317467273996,45.14349843408117,-2.9829290206648635,111.5815,57.8714679860105,1.6569384296742655,107.98,7556681,1788437779,2026-09-03T12:16:19Z,NYSE:DIS
28.605645959242583,1.2615317467273996,45.14349843408117,-2.9829290206648635,111.5815,57.8714679860105,1.6569384296742655,107.98,7556681,1788437961,2026-09-03T12:19:21Z,NYSE:DIS
28.605645959242583,1.2615317467273996,45.14349843408117,-2.9829290206648635,111.5815,57.8714679860105,1.6569384296742655,107.98,7556681,1788438140,2026-09-03T12:22:20Z,NYSE:DIS
28.605645959242583,1.2615317467273996,45.14349843408117,-2.9829290206648635,111.5815,57.8714679860105,1.6569384296742655,107.98,7556681,1788438324,2026-09-03T12:25:24Z,NYSE:DIS
28.605645959242583,1.2615317467273996,45.14349843408117,-2.9829290206648635,111.5815,57.8714679860105,1.6569384296742655,107.98,7556681,1788438496,2026-09-03T12:28:16Z,NYSE:DIS
28.605645959242583,1.2615317467273996,45.14349843408117,-2.9829290206648635,111.5815,57.8714679860105,1.6569384296742655,107.98,7556681,1788438680,2026-09-03T12:31:20Z,NYSE:DIS
28.605645959242583,1.2615317467273996,45.14349843408117,-2.9829290206648635,111.5815,57.8714679860105,1.6569384296742655,107.98,7556681,1788438857,2026-09-03T12:34:17Z,NYSE:DIS
28.605645959242583,1.2615317467273996,45.14349843408117,-2.9829290206648635,111.5815,57.8714679860105,1.6569384296742655,107.98,7556681,1788439037,2026-09-03T12:37:17Z,NYSE:DIS
28.605645959242583,1.2615317467273996,45.14349843408117,-2.9829290206648635,111.5815,57.8714679860105,1.6569384296742655,107.98,7556681,1788439224,2026-09-03T12:40:24Z,NYSE:DIS
28.605645959242583,1.2615317467273996,45.14349843408117,-2.9829290206648635,111.5815,57.8714679860105,1.6569384296742655,107.98,7556681,1788439398,2026-09-03T12:43:18Z,NYSE:DIS
28.605645959242583,1.2615317467273996,45.14349843408117,-2.9829290206648635,111.5815,57.8714679860105,1.6569384296742655,107.98,7556681,1788439580,2026-09-03T12:46:20Z,NYSE:DIS
28.605645959242583,1.2615317467273996,45.14349843408117,-2.9829290206648635,111.5815,57.8714679860105,1.6569384296742655,107.98,7556681,1788439761,2026-09-03T12:49:21Z,NYSE:DIS
28.605645959242583,1.2615317467273996,45.14349843408117,-2.9829290206648635,111.5815,57.8714679860105,1.6569384296742655,107.98,7556681,1788439937,2026-09-03T12:52:17Z,NYSE:DIS
28.605645959242583,1.2615317467273996,45.14349843408117,-2.9829290206648635,111.5815,57.8714679860105,1.6569384296742655,107.98,7556681,1788440122,2026-09-03T12:55:22Z,NYSE:DIS
28.605645959242583,1.2615317467273996,45.14349843408117,-2.9829290206648635,111.5815,57.8714679860105,1.6569384296742655,107.98,7556681,1788440304,2026-09-03T12:58:24Z,NYSE:DIS
28.605645959242583,1.2615317467273996,45.14349843408117,-2.9829290206648635,111.5815,57.8714679860105,1.6569384296742655,107.98,7556681,1788440481,2026-09-03T13:01:21Z,NYSE:DIS
28.605645959242583,1.2615317467273996,45.14349843408117,-2.9829290206648635,111.5815,57.8714679860105,1.6569384296742655,107.98,7556681,1788440661,2026-09-03T13:04:21Z,NYSE:DIS
28.605645959242583,1.2615317467273996,45.14349843408117,-2.9829290206648635,111.5815,57.8714679860105,1.6569384296742655,107.98,7556681,1788440841,2026-09-03T13:07:21Z,NYSE:DIS
28.605645959242583,1.2615317467273996,45.14349843408117,-2.9829290206648635,111.5815,57.8714679860105,1.6569384296742655,107.98,7556681,1788441021,2026-09-03T13:10:21Z,NYSE:DIS
28.605645959242583,1.2615317467273996,45.14349843408117,-2.9829290206648635,111.5815,57.8714679860105,1.6569384296742655,107.98,7556681,1788441203,2026-09-03T13:13:23Z,NYSE:DIS
28.605645959242583,1.2615317467273996,45.14349843408117,-2.9829290206648635,111.5815,57.8714679860105,1.6569384296742655,107.98,7556681,1788441384,2026-09-03T13:16:24Z,NYSE:DIS
28.605645959242583,1.2615317467273996,45.14349843408117,-2.9829290206648635,111.5815,57.8714679860105,1.6569384296742655,107.98,7556681,1788441563,2026-09-03T13:19:23Z,NYSE:DIS
28.605645959242583,1.2615317467273996,45.14349843408117,-2.9829290206648635,111.5815,57.8714679860105,1.6569384296742655,107.98,7556681,1788441738,2026-09-03T13:22:18Z,NYSE:DIS
28.605645959242583,1.2615317467273996,45.14349843408117,-2.9829290206648635,111.5815,57.8714679860105,1.6569384296742655,107.98,7556681,1788441923,2026-09-03T13:25:23Z,NYSE:DIS
28.605645959242583,1.2615317467273996,45.14349843408117,-2.9829290206648635,111.5815,57.8714679860105,1.6569384296742655,107.98,7556681,1788442095,2026-09-03T13:28:15Z,NYSE:DIS
28.605645959242583,1.2615317467273996,45.14349843408117,-2.9829290206648635,111.5815,57.8714679860105,1.6569384296742655,107.98,7556681,1788442284,2026-09-03T13:31:24Z,NYSE:DIS
28.605645959242583,1.2615317467273996,45.14349843408117,-2.9829290206648635,111.5815,57.8714679860105,1.6569384296742655,107.98,7556681,1788442457,2026-09-03T13:34:17Z,NYSE:DIS
28.605645959242583,1.2615317467273996,45.14349843408117,-2.9829290206648635,111.5815,57.8714679860105,1.6569384296742655,107.98,7556681,1788442641,2026-09-03T13:37:21Z,NYSE:DIS
28.605645959242583,1.2615317467273996,45.14349843408117,-2.9829290206648635,111.5815,57.8714679860105,1.6569384296742655,107.98,7556681,1788442818,2026-09-03T13:40:18Z,NYSE:DIS
28.605645959242583,1.2615317467273996,45.14349843408117,-2.9829290206648635,111.5815,57.8714679860105,1.6569384296742655,107.98,7556681,1788443000,2026-09-03T13:43:20Z,NYSE:DIS
28.67867655913753,2.4841700686234844,64.39005340065505,-0.1562787277073007,111.5815,59.21251780706736,0.5834413780329648,108.61,8823,1788443176,2026-09-03T13:46:16Z,NYSE:DIS
28.75785683473721,2.8527414971949128,75.08523027884256,0.3309431880860447,111.5815,60.27630210790311,1.0742730135210192,109.14,189333,1788443354,2026-09-03T13:49:14Z,NYSE:DIS
28.75785683473721,3.047027211480625,68.17836764834175,-0.2941717227431581,111.5815,58.90102336358902,0.444526764215586,108.46,240527,1788443542,2026-09-03T13:52:22Z,NYSE:DIS
28.75785683473721,3.0513129257663536,65.72352254572368,-0.4688361831219021,111.5815,58.4995669717268,0.2685682533802482,108.27,280435,1788443716,2026-09-03T13:55:16Z,NYSE:DIS
28.75785683473721,2.8984557829092097,62.43636206178436,-0.5883434454863031,111.5815,58.22033698672609,0.1481755880718619,108.14,325081,1788443905,2026-09-03T13:58:25Z,NYSE:DIS
28.75785683473721,2.8084557829092063,65.6722842368669,-0.2987681559110157,111.5815,58.89055825518687,0.4398962770883444,108.455,366425,1788444078,2026-09-03T14:01:18Z,NYSE:DIS
28.75785683473721,2.8984557829092097,62.43636206178436,-0.5883434454863031,111.5815,58.22033698672609,0.1481755880718619,108.14,398183,1788444261,2026-09-03T14:04:21Z,NYSE:DIS
28.75785683473721,2.770870068623495,61.01379793174163,-0.5957896672182381,111.5815,58.202814403519874,0.1406741989257248,108.1319,459727,1788444440,2026-09-03T14:07:20Z,NYSE:DIS
28.75785683473721,2.7771272114806465,60.78776647093664,-0.6159220444934747,111.5815,58.155364855531936,0.1203926653083862,108.11,489384,1788444620,2026-09-03T14:10:20Z,NYSE:DIS
28.75785683473721,2.7679414971949114,59.720575746900856,-0.6832138260709705,111.5815,57.99598154369007,0.0526023337655079,108.0368,520878,1788444797,2026-09-03T14:13:17Z,NYSE:DIS
28.75785683473721,2.7813129257663576,59.23652870474755,-0.7262364405221605,111.5815,57.89344290071679,0.0092609742544831,107.99,600440,1788444974,2026-09-03T14:16:14Z,NYSE:DIS
28.75785683473721,2.7305893543377664,57.37887885283204,-0.8181651038793901,111.5815,57.60091684394023,-0.0833487682904273,107.89,637943,1788445163,2026-09-03T14:19:23Z,NYSE:DIS
28.75785683473721,2.711312925766336,57.57903736836729,-0.7905865048722186,111.5815,57.69081904458514,-0.0555658455269515,107.92,668130,1788445344,2026-09-03T14:22:24Z,NYSE:DIS
28.75785683473721,2.702741497194907,56.02143353046255,-0.8917080345651763,111.5815,57.362541826669045,-0.1574365623263583,107.81,691444,1788445514,2026-09-03T14:25:14Z,NYSE:DIS
28.75785683473721,2.611384354337787,52.79305624039878,-1.0478948336091167,111.5815,56.86278029519073,-0.3147805149101686,107.6401,714306,1788445705,2026-09-03T14:28:25Z,NYSE:DIS
28.75785683473721,2.4827414971949224,49.9647247521781,-1.1491082919654347,111.5815,56.54354462869304,-0.4167438414521234,107.53,772467,1788445883,2026-09-03T14:31:23Z,NYSE:DIS
28.757856834737204,2.439884354337792,47.75836967711447,-1.268615554329836,111.5815,56.17119322188431,-0.5371365067605096,107.4,817349,1788446063,2026-09-03T14:34:23Z,NYSE:DIS
28.75785683473721,2.406998640052066,47.54891917619119,-1.2593307593307606,111.5815,56.199946269966425,-0.5277829227634785,107.4101,845496,1788446243,2026-09-03T14:37:23Z,NYSE:DIS
28.75785683473721,2.334170068623493,47.38994633399584,-1.2180547894833635,111.5815,56.328126342712274,-0.4862011483608128,107.455,878124,1788446422,2026-09-03T14:40:22Z,NYSE:DIS
28.75785683473721,2.3013129257663394,48.59973108790458,-1.1123368266225482,111.5815,56.65910947148133,-0.3796999444341645,107.57,900307,1788446601,2026-09-03T14:43:21Z,NYSE:DIS
28.75785683473721,2.261312925766348,50.069610682411245,-0.983636697922419,111.5815,57.06733327573397,-0.2500463048712819,107.71,918263,1788446779,2026-09-03T14:46:19Z,NYSE:DIS
28.75785683473721,2.2727414971949287,49.6499696803806,-1.0204081632653057,111.5815,56.95009888804493,-0.2870902018892408,107.67,949017,1788446960,2026-09-03T14:49:20Z,NYSE:DIS
28.75785683473721,2.2898843543377865,49.02002143333512,-1.0755653612796483,111.5815,56.77514766925913,-0.3426560474161924,107.61,978473,1788447142,2026-09-03T14:52:22Z,NYSE:DIS
28.75785683473721,2.3013129257663394,48.59973108790458,-1.1123368266225482,111.5815,56.65910947148133,-0.3796999444341645,107.57,999821,1788447326,2026-09-03T14:55:26Z,NYSE:DIS
28.75785683473721,2.255598640052071,50.27933392487618,-0.9652509652509628,111.5815,57.12613165533669,-0.2315243563622893,107.73,1044021,1788447499,2026-09-03T14:58:19Z,NYSE:DIS
28.75785683473721,2.298455782909216,48.70482805477601,-1.10314396028682,111.5815,56.68807453046423,-0.3704389701796681,107.58,1066242,1788447682,2026-09-03T15:01:22Z,NYSE:DIS
28.75785683473721,2.269884354337776,49.75490425492127,-1.0112152969295771,111.5815,56.97936230490399,-0.2778292276347445,107.68,1087146,1788447864,2026-09-03T15:04:24Z,NYSE:DIS
28.75785683473721,2.3098843543377683,48.28434261241342,-1.1399154256297066,111.5815,56.57239162083962,-0.407482867197627,107.54,1106139,1788448048,2026-09-03T15:07:28Z,NYSE:DIS
28.75785683473721,2.3213129257663496,47.86359682942105,-1.1766868909726065,111.5815,56.45717989608662,-0.4445267642155991,107.5,1127297,1788448216,2026-09-03T15:10:16Z,NYSE:DIS
28.75785683473721,2.3084557829092063,48.336917525130126,-1.135318992461849,111.5815,56.58682615744748,-0.4028523800703855,107.545,1182149,1788448398,2026-09-03T15:13:18Z,NYSE:DIS
28.75785683473721,2.3070272114806443,48.38948837049739,-1.1307225592939916,111.5815,56.60126806192567,-0.3982218929431439,107.55,1212514,1788448582,2026-09-03T15:16:22Z,NYSE:DIS
28.75785683473721,2.2713129257663383,49.70243899520228,-1.015811730097448,111.5815,56.964726838238605,-0.2824597147619992,107.675,1239459,1788448760,2026-09-03T15:19:20Z,NYSE:DIS
28.75785683473721,2.261312925766348,50.069610682411245,-0.983636697922419,111.5815,57.06733327573397,-0.2500463048712819,107.71,1260467,1788448943,2026-09-03T15:22:23Z,NYSE:DIS
28.75785683473721,2.2427414971949275,50.75097434494098,-0.9238830667402054,111.5815,57.25887204422212,-0.1898499722170756,107.775,1298621,1788449123,2026-09-03T15:25:23Z,NYSE:DIS
28.75785683473721,2.219884354337765,51.58863727843254,-0.8503401360544192,111.5815,57.49638443875452,-0.1157621781811446,107.855,1314914,1788449298,2026-09-03T15:28:18Z,NYSE:DIS
28.75785683473721,2.231312925766346,51.16993515465606,-0.8871116013973188,111.5815,57.37738244822668,-0.1528060751991167,107.815,1334419,1788449479,2026-09-03T15:31:19Z,NYSE:DIS
28.75785683473721,2.221312925766356,51.53631365165885,-0.8549365692222898,111.5815,57.48148220178273,-0.1203926653083993,107.85,1382402,1788449658,2026-09-03T15:34:18Z,NYSE:DIS
28.75785683473721,2.247027211480642,50.59379729989388,-0.9376723662437912,111.5815,57.21455675864859,-0.2037414335988135,107.76,1408355,1788449839,2026-09-03T15:37:19Z,NYSE:DIS
28.75785683473721,2.238455782909213,50.9081149785589,-0.9100937672366196,111.5815,57.30325603143078,-0.1759585108353377,107.79,1426503,1788450025,2026-09-03T15:40:25Z,NYSE:DIS
28.75785683473721,2.2684557829092142,49.80736546000901,-1.00661886376172,111.5815,56.99400529383591,-0.2731987405075029,107.685,1455599,1788450201,2026-09-03T15:43:21Z,NYSE:DIS
28.75785683473721,2.203677782909196,52.1819452418678,-0.7981954403383031,111.5815,57.66598700701484,-0.0632311539174004,107.911723,1483025,1788450377,2026-09-03T15:46:17Z,NYSE:DIS
28.75785683473721,2.184170068623488,52.89541673902105,-0.7354293068578757,111.5815,57.8714679860105,0.0,107.98,1516816,1788450558,2026-09-03T15:49:18Z,NYSE:DIS
28.75785683473721,2.241312925766337,50.80335860123563,-0.919286633572348,111.5815,57.27365906522459,-0.185219485089834,107.78,1555173,1788450741,2026-09-03T15:52:21Z,NYSE:DIS
28.75785683473721,2.229884354337784,51.22228706210007,-0.8825151682294613,111.5815,57.39223075079135,-0.1481755880718751,107.82,1574966,1788450923,2026-09-03T15:55:23Z,NYSE:DIS
28.75785683473721,2.232741497194908,51.11757920524376,-0.8917080345651763,111.5815,57.362541826669045,-0.1574365623263583,107.81,1589842,1788451102,2026-09-03T15:58:22Z,NYSE:DIS
28.75785683473721,2.232741497194908,51.11757920524376,-0.8917080345651763,111.5815,57.362541826669045,-0.1574365623263583,107.81,1607349,1788451280,2026-09-03T16:01:20Z,NYSE:DIS
28.75785683473721,2.22417006862348,51.43165428156488,-0.8641294355580049,111.5815,57.45170089050699,-0.1296536395628825,107.84,1620163,1788451462,2026-09-03T16:04:22Z,NYSE:DIS
28.75785683473721,2.204170068623497,52.16393075290828,-0.7997793712079468,111.5815,57.66082047895989,-0.0648268197814478,107.91,1641637,1788451641,2026-09-03T16:07:21Z,NYSE:DIS
28.75785683473721,2.207027211480621,52.05936825535761,-0.8089722375436619,111.5815,57.63085309494219,-0.0740877940359309,107.9,1653119,1788451817,2026-09-03T16:10:17Z,NYSE:DIS
28.75785683473721,2.1727414971949344,53.31305431178421,-0.6986578415149891,111.5815,57.95923031014863,0.0370438970179589,108.02,1693340,1788452001,2026-09-03T16:13:21Z,NYSE:DIS
28.75785683473721,2.184170068623488,52.89541673902105,-0.7354293068578757,111.5815,57.8714679860105,0.0,107.98,1747947,1788452181,2026-09-03T16:16:21Z,NYSE:DIS
28.75785683473721,2.2155986400520504,51.74558393127571,-0.8365508365508334,111.5815,57.54113754712122,-0.1018707167994067,107.87,1768393,1788452358,2026-09-03T16:19:18Z,NYSE:DIS
28.75785683473721,2.221312925766356,51.53631365165885,-0.8549365692222898,111.5815,57.48148220178273,-0.1203926653083993,107.85,1784046,1788452540,2026-09-03T16:22:20Z,NYSE:DIS
28.75785683473721,2.247027211480642,50.59379729989388,-0.9376723662437912,111.5815,57.21455675864859,-0.2037414335988135,107.76,1800402,1788452721,2026-09-03T16:25:21Z,NYSE:DIS
28.75785683473721,2.232741497194908,51.11757920524376,-0.8917080345651763,111.5815,57.362541826669045,-0.1574365623263583,107.81,1823678,1788452900,2026-09-03T16:28:20Z,NYSE:DIS
28.75785683473721,2.227027211480632,51.3269787529594,-0.873322301893733,111.5815,57.42195042280678,-0.1389146138173788,107.83,1840869,1788453078,2026-09-03T16:31:18Z,NYSE:DIS
28.75785683473721,2.229884354337784,51.22228706210007,-0.8825151682294613,111.5815,57.39223075079135,-0.1481755880718751,107.82,1859870,1788453257,2026-09-03T16:34:17Z,NYSE:DIS
28.75785683473721,2.232741497194908,51.11757920524376,-0.8917080345651763,111.5815,57.362541826669045,-0.1574365623263583,107.81,1880659,1788453442,2026-09-03T16:37:22Z,NYSE:DIS
28.75785683473721,2.232741497194908,51.11757920524376,-0.8917080345651763,111.5815,57.362541826669045,-0.1574365623263583,107.81,1891362,1788453617,2026-09-03T16:40:17Z,NYSE:DIS
28.75785683473721,2.247027211480642,50.59379729989388,-0.9376723662437912,111.5815,57.21455675864859,-0.2037414335988135,107.76,1912371,1788453803,2026-09-03T16:43:23Z,NYSE:DIS
28.75785683473721,2.249884354337766,50.48899236837373,-0.9468652325795194,111.5815,57.18505132377621,-0.2130024078533098,107.75,1957135,1788453975,2026-09-03T16:46:15Z,NYSE:DIS
28.75785683473721,2.2913129257663485,48.96749935937386,-1.0801617944475062,111.5815,56.760616908556536,-0.3472865345434339,107.605,1982559,1788454159,2026-09-03T16:49:19Z,NYSE:DIS
28.75785683473721,2.3070272114806443,48.38948837049739,-1.1307225592939916,111.5815,56.60126806192567,-0.3982218929431439,107.55,2006017,1788454343,2026-09-03T16:52:23Z,NYSE:DIS
28.75785683473721,2.3070272114806443,48.38948837049739,-1.1307225592939916,111.5815,56.60126806192567,-0.3982218929431439,107.55,2021836,1788454519,2026-09-03T16:55:19Z,NYSE:DIS
28.75785683473721,2.304170068623492,48.49461786106917,-1.1215296929582634,111.5815,56.63017399706945,-0.3889609186886475,107.56,2038383,1788454706,2026-09-03T16:58:26Z,NYSE:DIS
28.75785683473721,2.2841700686234816,49.2300691216914,-1.0571796286082054,111.5815,56.83334518604492,-0.3241340989072129,107.63,2045144,1788454879,2026-09-03T17:01:19Z,NYSE:DIS
28.75785683473721,2.261312925766348,50.069610682411245,-0.983636697922419,111.5815,57.06733327573397,-0.2500463048712819,107.71,2061987,1788455057,2026-09-03T17:04:17Z,NYSE:DIS
28.75785683473721,2.2441700686234896,50.69858604293146,-0.928479499908076,111.5815,57.24409265673053,-0.1944804593443304,107.77,2074552,1788455244,2026-09-03T17:07:24Z,NYSE:DIS
28.75785683473721,2.267027211480624,49.85982261093459,-1.0020224305938623,111.5815,57.00865581083529,-0.2685682533802613,107.69,2109329,1788455416,2026-09-03T17:10:16Z,NYSE:DIS
28.75785683473721,2.289227211480622,49.04418022357152,-1.0734510020224273,111.5815,56.78183431775181,-0.3405260233376544,107.6123,2139050,1788455602,2026-09-03T17:13:22Z,NYSE:DIS
28.75785683473721,2.287027211480634,49.125053398068935,-1.0663724949439204,111.5815,56.80423152141188,-0.3148731246527166,107.64,2163697,1788455774,2026-09-03T17:16:14Z,NYSE:DIS
28.75785683473721,2.2841700686234816,49.2300691216914,-1.0571796286082054,111.5815,56.83334518604492,-0.3241340989072129,107.63,2191581,1788455959,2026-09-03T17:19:19Z,NYSE:DIS
28.75785683473721,2.298455782909216,48.70482805477601,-1.10314396028682,111.5815,56.68807453046423,-0.3704389701796681,107.58,2226040,1788456147,2026-09-03T17:22:27Z,NYSE:DIS
28.75785683473721,2.3013129257663394,48.59973108790458,-1.1123368266225482,111.5815,56.65910947148133,-0.3796999444341645,107.57,2238698,1788456317,2026-09-03T17:25:17Z,NYSE:DIS
28.75785683473721,2.304170068623492,48.49461786106917,-1.1215296929582634,111.5815,56.63017399706945,-0.3889609186886475,107.56,2261836,1788456501,2026-09-03T17:28:21Z,NYSE:DIS
28.75785683473721,2.2741700686234907,49.59749630998607,-1.025004596433163,111.5815,56.93547844853393,-0.2917206890164824,107.665,2284160,1788456674,2026-09-03T17:31:14Z,NYSE:DIS
28.75785683473721,2.2641700686235,49.96472475217762,-0.992829564258134,111.5815,57.03797945226982,-0.259307279125765,107.7,2301545,1788456858,2026-09-03T17:34:18Z,NYSE:DIS
28.75785683473721,2.261312925766348,50.069610682411245,-0.983636697922419,111.5815,57.06733327573397,-0.2500463048712819,107.71,2312617,1788457040,2026-09-03T17:37:20Z,NYSE:DIS
28.75785683473721,2.2755986400520527,49.545018883548906,-1.0296010296010338,111.5815,56.92086551392255,-0.2963511761437371,107.66,2332399,1788457219,2026-09-03T17:40:19Z,NYSE:DIS
28.75785683473721,2.278455782909205,49.44005186066638,-1.0387938959367489,111.5815,56.89166213629645,-0.3056121503982203,107.65,2351423,1788457400,2026-09-03T17:43:20Z,NYSE:DIS
28.75785683473721,2.278455782909205,49.44005186066638,-1.0387938959367489,111.5815,56.89166213629645,-0.3056121503982203,107.65,2385345,1788457580,2026-09-03T17:46:20Z,NYSE:DIS
28.75785683473721,2.295598640052063,48.80990876545925,-1.093951093951092,111.5815,56.71706921941365,-0.3611779959251718,107.59,2402938,1788457760,2026-09-03T17:49:20Z,NYSE:DIS
28.75785683473721,2.2641700686235,49.96472475217762,-0.992829564258134,111.5815,57.03797945226982,-0.259307279125765,107.7,2426052,1788457940,2026-09-03T17:52:20Z,NYSE:DIS
28.75785683473721,2.2641700686235,49.96472475217762,-0.992829564258134,111.5815,57.03797945226982,-0.259307279125765,107.7,2463308,1788458121,2026-09-03T17:55:21Z,NYSE:DIS
28.75785683473721,2.265598640052062,49.91227570816751,-0.9974259974260048,111.5815,57.02331386170897,-0.2639377662530198,107.695,2479580,1788458299,2026-09-03T17:58:19Z,NYSE:DIS
28.75785683473721,2.287027211480634,49.125053398068935,-1.0663724949439204,111.5815,56.80423152141188,-0.3333950731616961,107.62,2504527,1788458479,2026-09-03T18:01:19Z,NYSE:DIS
28.75785683473721,2.294170068623501,48.862443025907126,-1.0893546607832345,111.5815,56.73157768933731,-0.3565475087979302,107.595,2527548,1788458658,2026-09-03T18:04:18Z,NYSE:DIS
28.75785683473721,2.2898843543377865,49.02002143333512,-1.0755653612796483,111.5815,56.77514766925913,-0.3426560474161924,107.61,2545922,1788458836,2026-09-03T18:07:16Z,NYSE:DIS
28.75785683473721,2.2841700686234816,49.2300691216914,-1.0571796286082054,111.5815,56.83334518604492,-0.3241340989072129,107.63,2567546,1788459021,2026-09-03T18:10:21Z,NYSE:DIS
28.75785683473721,2.287027211480634,49.125053398068935,-1.0663724949439204,111.5815,56.80423152141188,-0.3333950731616961,107.62,2592620,1788459197,2026-09-03T18:13:17Z,NYSE:DIS
28.75785683473721,2.2741700686234907,49.59749630998607,-1.025004596433163,111.5815,56.93547844853393,-0.2917206890164824,107.665,2618257,1788459381,2026-09-03T18:16:21Z,NYSE:DIS
28.75785683473721,2.2841700686234816,49.2300691216914,-1.0571796286082054,111.5815,56.83334518604492,-0.3241340989072129,107.63,2638446,1788459561,2026-09-03T18:19:21Z,NYSE:DIS
28.75785683473721,2.2927414971949105,48.914973223721134,-1.0847582276153769,111.5815,56.74609358381805,-0.3519170216706887,107.6,2657306,1788459739,2026-09-03T18:22:19Z,NYSE:DIS
28.75785683473721,2.2641700686235,49.96472475217762,-0.992829564258134,111.5815,57.03797945226982,-0.259307279125765,107.7,2699496,1788459916,2026-09-03T18:25:16Z,NYSE:DIS
28.75785683473721,2.255598640052071,50.27933392487618,-0.9652509652509628,111.5815,57.12613165533669,-0.2315243563622893,107.73,2716886,1788460099,2026-09-03T18:28:19Z,NYSE:DIS
28.75785683473721,2.2755986400520527,49.545018883548906,-1.0296010296010338,111.5815,56.92086551392255,-0.2963511761437371,107.66,2733933,1788460279,2026-09-03T18:31:19Z,NYSE:DIS
28.75785683473721,2.2641700686235,49.96472475217762,-0.992829564258134,111.5815,57.03797945226982,-0.259307279125765,107.7,2752875,1788460463,2026-09-03T18:34:23Z,NYSE:DIS
28.75785683473721,2.261312925766348,50.069610682411245,-0.983636697922419,111.5815,57.06733327573397,-0.2500463048712819,107.71,2771085,1788460641,2026-09-03T18:37:21Z,NYSE:DIS
28.75785683473721,2.2684557829092142,49.80736546000901,-1.00661886376172,111.5815,56.99400529383591,-0.2731987405075029,107.685,2792767,1788460814,2026-09-03T18:40:14Z,NYSE:DIS
28.75785683473721,2.269884354337776,49.75490425492127,-1.0112152969295771,111.5815,56.97936230490399,-0.2778292276347445,107.68,2808366,1788460998,2026-09-03T18:43:18Z,NYSE:DIS
28.75785683473721,2.2727414971949287,49.6499696803806,-1.0204081632653057,111.5815,56.95009888804493,-0.2870902018892408,107.67,2821829,1788461185,2026-09-03T18:46:25Z,NYSE:DIS
28.75785683473721,2.2598843543377853,50.12204756957413,-0.9790402647545484,111.5815,57.08202152029294,-0.2454158177440271,107.715,2846641,1788461361,2026-09-03T18:49:21Z,NYSE:DIS
28.75785683473721,2.249884354337766,50.48899236837373,-0.9468652325795194,111.5815,57.18505132377621,-0.2130024078533098,107.75,2872505,1788461539,2026-09-03T18:52:19Z,NYSE:DIS
28.75785683473721,2.249884354337766,50.48899236837373,-0.9468652325795194,111.5815,57.18505132377621,-0.2130024078533098,107.75,2894672,1788461721,2026-09-03T18:55:21Z,NYSE:DIS
28.75785683473721,2.238455782909213,50.9081149785589,-0.9100937672366196,111.5815,57.33288360274692,-0.1759585108353377,107.79,2914595,1788461901,2026-09-03T18:58:21Z,NYSE:DIS
28.75785683473721,2.241312925766337,50.80335860123563,-0.919286633572348,111.5815,57.27365906522459,-0.185219485089834,107.78,2928728,1788462083,2026-09-03T19:01:23Z,NYSE:DIS
28.75785683473721,2.232741497194908,51.11757920524376,-0.8917080345651763,111.5815,57.362541826669045,-0.1574365623263583,107.81,2952324,1788462260,2026-09-03T19:04:20Z,NYSE:DIS
28.75785683473721,2.2513129257663564,50.43658383075973,-0.9514616657473768,111.5815,57.17031001531948,-0.2176328949805514,107.745,2983356,1788462443,2026-09-03T19:07:23Z,NYSE:DIS
28.75785683473721,2.28274149719492,49.282570894263095,-1.0525831954403346,111.5815,56.84791321237,-0.3195036117799582,107.635,3023802,1788462624,2026-09-03T19:10:24Z,NYSE:DIS
28.75785683473721,2.304170068623492,48.49461786106917,-1.1215296929582634,111.5815,56.63017399706945,-0.3889609186886475,107.56,3059474,1788462796,2026-09-03T19:13:16Z,NYSE:DIS
28.75785683473721,2.319884354337788,47.916204297937234,-1.1720904578047486,111.5815,56.47155569217807,-0.4398962770883576,107.505,3082415,1788462978,2026-09-03T19:16:18Z,NYSE:DIS
28.75785683473721,2.324170068623502,47.75836967711447,-1.1858797573083344,111.5815,56.4284502503521,-0.4537877384700954,107.49,3131406,1788463157,2026-09-03T19:19:17Z,NYSE:DIS
28.75785683473721,2.3213129257663496,47.86359682942105,-1.1766868909726065,111.5815,56.45717989608662,-0.4445267642155991,107.5,3167612,1788463341,2026-09-03T19:22:21Z,NYSE:DIS
28.75785683473721,2.319884354337788,47.916204297937234,-1.1720904578047486,111.5815,56.47155569217807,-0.4398962770883576,107.505,3197065,1788463522,2026-09-03T19:25:22Z,NYSE:DIS
28.75785683473721,2.3455986400520743,46.9686465237537,-1.25482625482625,111.5815,56.213906375883376,-0.5232450453787717,107.415,3252234,1788463699,2026-09-03T19:28:19Z,NYSE:DIS
28.75785683473721,2.3670272114806465,46.17800544952712,-1.323772752344179,111.5815,56.000987735912986,-0.5927023522874612,107.34,3298942,1788463880,2026-09-03T19:31:20Z,NYSE:DIS
28.75785683473721,2.3470272114806363,46.91596569403558,-1.2594226879941208,111.5815,56.19966144204103,-0.5278755325060265,107.41,3339315,1788464069,2026-09-03T19:34:29Z,NYSE:DIS
28.75785683473721,2.362741497194932,46.33620717485163,-1.3099834528405931,111.5815,56.04344233225736,-0.5788108909057232,107.355,3382837,1788464248,2026-09-03T19:37:28Z,NYSE:DIS
28.75785683473721,2.3670272114806465,46.17800544952712,-1.323772752344179,111.5815,56.000987735912986,-0.5927023522874612,107.34,3429951,1788464424,2026-09-03T19:40:24Z,NYSE:DIS
28.75785683473721,2.3527414971949128,46.70520156921933,-1.277808420665564,111.5815,56.142753828564366,-0.5463974810150058,107.39,3475784,1788464602,2026-09-03T19:43:22Z,NYSE:DIS
28.75785683473721,2.3670272114806465,46.17800544952712,-1.323772752344179,111.5815,56.000987735912986,-0.5927023522874612,107.34,3510844,1788464781,2026-09-03T19:46:21Z,NYSE:DIS
28.75785683473721,2.3527414971949128,46.70520156921933,-1.277808420665564,111.5815,56.142753828564366,-0.5463974810150058,107.39,3556396,1788464961,2026-09-03T19:49:21Z,NYSE:DIS
28.75785683473721,2.3527129257663404,46.706255552283054,-1.2777164920022035,111.5815,56.1430380799485,-0.5463048712724579,107.3901,3597360,1788465141,2026-09-03T19:52:21Z,NYSE:DIS
28.75785683473721,2.3513129257663508,46.75789872226398,-1.2732119874977064,111.5815,56.15696992460697,-0.5417669938877643,107.395,3627647,1788465319,2026-09-03T19:55:19Z,NYSE:DIS
28.75785683473721,2.368455782909209,46.12526336819075,-1.3283691855120494,111.5815,55.98685049380581,-0.5973328394147158,107.335,3669343,1788465506,2026-09-03T19:58:26Z,NYSE:DIS
28.75785683473721,2.2884557829092103,43.85348104006544,-1.4248942820371366,111.5815,55.69160854382984,-0.6945730690868679,107.23,3776412,1788465681,2026-09-03T20:01:21Z,NYSE:DIS
28.75785683473721,2.232027211480641,42.84725303586383,-1.452472881044308,111.5815,55.607824775341406,-0.7223559918503436,107.2,3851336,1788465858,2026-09-03T20:04:18Z,NYSE:DIS
28.75785683473721,2.219984354337768,41.62826067913444,-1.5260158117300944,111.5815,55.38562892059045,-0.7964437858862746,107.12,3959483,1788466042,2026-09-03T20:07:22Z,NYSE:DIS
28.75785683473721,2.184170068623488,41.04292306628673,-1.53980511123368,111.5815,55.34416473354214,-0.8103352472680125,107.105,4097938,1788466220,2026-09-03T20:10:20Z,NYSE:DIS
28.75785683473721,2.067027211480635,37.74036047909715,-1.6776981062695375,111.5815,54.93291210590961,-0.9492498610853914,106.955,4415122,1788466403,2026-09-03T20:13:23Z,NYSE:DIS
28.75785683473721,2.005598640052071,40.0325411749924,-1.4800514800514797,111.5815,55.52429272072071,-0.7501389146138194,107.17,4872479,1788466583,2026-09-03T20:16:23Z,NYSE:DIS
28.75785683473721,2.008455782909224,39.92609825428108,-1.4892443463872076,111.5815,55.49650444296712,-0.7593998888683158,107.16,6052234,1788466763,2026-09-03T20:19:23Z,NYSE:DIS
28.75785683473721,2.008455782909224,39.92609825428108,-1.4892443463872076,111.5815,55.49650444296712,-0.7593998888683158,107.16,6053618,1788466942,2026-09-03T20:22:22Z,NYSE:DIS
28.75785683473721,2.008455782909224,39.92609825428108,-1.4892443463872076,111.5815,55.49650444296712,-0.7593998888683158,107.16,6058568,1788467120,2026-09-03T20:25:20Z,NYSE:DIS
28.75785683473721,2.008455782909224,39.92609825428108,-1.4892443463872076,111.5815,55.49650444296712,-0.7593998888683158,107.16,6059101,1788467299,2026-09-03T20:28:19Z,NYSE:DIS
28.75785683473721,2.008455782909224,39.92609825428108,-1.4892443463872076,111.5815,55.49650444296712,-0.7593998888683158,107.16,6059111,1788467477,2026-09-03T20:31:17Z,NYSE:DIS
28.75785683473721,2.008455782909224,39.92609825428108,-1.4892443463872076,111.5815,55.49650444296712,-0.7593998888683158,107.16,6059174,1788467655,2026-09-03T20:34:15Z,NYSE:DIS
28.75785683473721,2.008455782909224,39.92609825428108,-1.4892443463872076,111.5815,55.49650444296712,-0.7593998888683158,107.16,6060607,1788467840,2026-09-03T20:37:20Z,NYSE:DIS
28.75785683473721,2.008455782909224,39.92609825428108,-1.4892443463872076,111.5815,55.49650444296712,-0.7593998888683158,107.16,6060611,1788468019,2026-09-03T20:40:19Z,NYSE:DIS
28.75785683473721,2.008455782909224,39.92609825428108,-1.4892443463872076,111.5815,55.49650444296712,-0.7593998888683158,107.16,6060613,1788468200,2026-09-03T20:43:20Z,NYSE:DIS
28.75785683473721,2.008455782909224,39.92609825428108,-1.4892443463872076,111.5815,55.49650444296712,-0.7593998888683158,107.16,6060622,1788468375,2026-09-03T20:46:15Z,NYSE:DIS
28.75785683473721,2.008455782909224,39.92609825428108,-1.4892443463872076,111.5815,55.49650444296712,-0.7593998888683158,107.16,6060827,1788468562,2026-09-03T20:49:22Z,NYSE:DIS
28.75785683473721,2.008455782909224,39.92609825428108,-1.4892443463872076,111.5815,55.49650444296712,-0.7593998888683158,107.16,6060900,1788468741,2026-09-03T20:52:21Z,NYSE:DIS
28.75785683473721,2.008455782909224,39.92609825428108,-1.4892443463872076,111.5815,55.49650444296712,-0.7593998888683158,107.16,6060985,1788468922,2026-09-03T20:55:22Z,NYSE:DIS
28.75785683473721,2.008455782909224,39.92609825428108,-1.4892443463872076,111.5815,55.49650444296712,-0.7593998888683158,107.16,6061076,1788469100,2026-09-03T20:58:20Z,NYSE:DIS
28.75785683473721,2.008455782909224,39.92609825428108,-1.4892443463872076,111.5815,55.49650444296712,-0.7593998888683158,107.16,6061213,1788469286,2026-09-03T21:01:26Z,NYSE:DIS
28.75785683473721,2.008455782909224,39.92609825428108,-1.4892443463872076,111.5815,55.49650444296712,-0.7593998888683158,107.16,6064544,1788469463,2026-09-03T21:04:23Z,NYSE:DIS
28.75785683473721,2.008455782909224,39.92609825428108,-1.4892443463872076,111.5815,55.49650444296712,-0.7593998888683158,107.16,6087283,1788469645,2026-09-03T21:07:25Z,NYSE:DIS
28.75785683473721,2.008455782909224,39.92609825428108,-1.4892443463872076,111.5815,55.49650444296712,-0.7593998888683158,107.16,6087291,1788469825,2026-09-03T21:10:25Z,NYSE:DIS
28.75785683473721,2.008455782909224,39.92609825428108,-1.4892443463872076,111.5815,55.49650444296712,-0.7593998888683158,107.16,6087418,1788469998,2026-09-03T21:13:18Z,NYSE:DIS
28.75785683473721,2.008455782909224,39.92609825428108,-1.4892443463872076,111.5815,55.49650444296712,-0.7593998888683158,107.16,6131263,1788470182,2026-09-03T21:16:22Z,NYSE:DIS
28.75785683473721,2.008455782909224,39.92609825428108,-1.4892443463872076,111.5815,55.49650444296712,-0.7593998888683158,107.16,6131264,1788470360,2026-09-03T21:19:20Z,NYSE:DIS
28.75785683473721,2.008455782909224,39.92609825428108,-1.4892443463872076,111.5815,55.49650444296712,-0.7593998888683158,107.16,6223717,1788470538,2026-09-03T21:22:18Z,NYSE:DIS
28.75785683473721,2.008455782909224,39.92609825428108,-1.4892443463872076,111.5815,55.49650444296712,-0.7593998888683158,107.16,6224562,1788470717,2026-09-03T21:25:17Z,NYSE:DIS
28.75785683473721,2.008455782909224,39.92609825428108,-1.4892443463872076,111.5815,55.49650444296712,-0.7593998888683158,107.16,6230416,1788470900,2026-09-03T21:28:20Z,NYSE:DIS
28.75785683473721,2.008455782909224,39.92609825428108,-1.4892443463872076,111.5815,55.49650444296712,-0.7593998888683158,107.16,6230420,1788471081,2026-09-03T21:31:21Z,NYSE:DIS
28.75785683473721,2.008455782909224,39.92609825428108,-1.4892443463872076,111.5815,55.49650444296712,-0.7593998888683158,107.16,6230556,1788471256,2026-09-03T21:34:16Z,NYSE:DIS
28.75785683473721,2.008455782909224,39.92609825428108,-1.4892443463872076,111.5815,55.49650444296712,-0.7593998888683158,107.16,6230579,1788471437,2026-09-03T21:37:17Z,NYSE:DIS
28.75785683473721,2.008455782909224,39.92609825428108,-1.4892443463872076,111.5815,55.49650444296712,-0.7593998888683158,107.16,6230588,1788471618,2026-09-03T21:40:18Z,NYSE:DIS
28.75785683473721,2.008455782909224,39.92609825428108,-1.4892443463872076,111.5815,55.49650444296712,-0.7593998888683158,107.16,6230616,1788471797,2026-09-03T21:43:17Z,NYSE:DIS
28.75785683473721,2.008455782909224,39.92609825428108,-1.4892443463872076,111.5815,55.49650444296712,-0.7593998888683158,107.16,6231137,1788471980,2026-09-03T21:46:20Z,NYSE:DIS
28.75785683473721,2.008455782909224,39.92609825428108,-1.4892443463872076,111.5815,55.49650444296712,-0.7593998888683158,107.16,6232142,1788472160,2026-09-03T21:49:20Z,NYSE:DIS
28.75785683473721,2.008455782909224,39.92609825428108,-1.4892443463872076,111.5815,55.49650444296712,-0.7593998888683158,107.16,6233417,1788472338,2026-09-03T21:52:18Z,NYSE:DIS
28.75785683473721,2.008455782909224,39.92609825428108,-1.4892443463872076,111.5815,55.49650444296712,-0.7593998888683158,107.16,6233418,1788472524,2026-09-03T21:55:24Z,NYSE:DIS
28.75785683473721,2.008455782909224,39.92609825428108,-1.4892443463872076,111.5815,55.49650444296712,-0.7593998888683158,107.16,6233420,1788472697,2026-09-03T21:58:17Z,NYSE:DIS
28.75785683473721,2.008455782909224,39.92609825428108,-1.4892443463872076,111.5815,55.49650444296712,-0.7593998888683158,107.16,6239139,1788472880,2026-09-03T22:01:20Z,NYSE:DIS
28.75785683473721,2.008455782909224,39.92609825428108,-1.4892443463872076,111.5815,55.49650444296712,-0.7593998888683158,107.16,6239160,1788473056,2026-09-03T22:04:16Z,NYSE:DIS
28.75785683473721,2.008455782909224,39.92609825428108,-1.4892443463872076,111.5815,55.49650444296712,-0.7593998888683158,107.16,6239162,1788473239,2026-09-03T22:07:19Z,NYSE:DIS
28.75785683473721,2.008455782909224,39.92609825428108,-1.4892443463872076,111.5815,55.49650444296712,-0.7593998888683158,107.16,6239171,1788473420,2026-09-03T22:10:20Z,NYSE:DIS
28.75785683473721,2.008455782909224,39.92609825428108,-1.4892443463872076,111.5815,55.49650444296712,-0.7593998888683158,107.16,6239179,1788473598,2026-09-03T22:13:18Z,NYSE:DIS
28.75785683473721,2.008455782909224,39.92609825428108,-1.4892443463872076,111.5815,55.49650444296712,-0.7593998888683158,107.16,6239180,1788473783,2026-09-03T22:16:23Z,NYSE:DIS
28.75785683473721,2.008455782909224,39.92609825428108,-1.4892443463872076,111.5815,55.49650444296712,-0.7593998888683158,107.16,6239186,1788473964,2026-09-03T22:19:24Z,NYSE:DIS
28.75785683473721,2.008455782909224,39.92609825428108,-1.4892443463872076,111.5815,55.49650444296712,-0.7593998888683158,107.16,6240983,1788474141,2026-09-03T22:22:21Z,NYSE:DIS
28.75785683473721,2.008455782909224,39.92609825428108,-1.4892443463872076,111.5815,55.49650444296712,-0.7593998888683158,107.16,6241023,1788474318,2026-09-03T22:25:18Z,NYSE:DIS
28.75785683473721,2.008455782909224,39.92609825428108,-1.4892443463872076,111.5815,55.49650444296712,-0.7593998888683158,107.16,6241257,1788474499,2026-09-03T22:28:19Z,NYSE:DIS
28.75785683473721,2.008455782909224,39.92609825428108,-1.4892443463872076,111.5815,55.49650444296712,-0.7593998888683158,107.16,6241273,1788474681,2026-09-03T22:31:21Z,NYSE:DIS
28.75785683473721,2.008455782909224,39.92609825428108,-1.4892443463872076,111.5815,55.49650444296712,-0.7593998888683158,107.16,6241279,1788474863,2026-09-03T22:34:23Z,NYSE:DIS
28.75785683473721,2.008455782909224,39.92609825428108,-1.4892443463872076,111.5815,55.49650444296712,-0.7593998888683158,107.16,6241390,1788475041,2026-09-03T22:37:21Z,NYSE:DIS
28.75785683473721,2.008455782909224,39.92609825428108,-1.4892443463872076,111.5815,55.49650444296712,-0.7593998888683158,107.16,6241390,1788475218,2026-09-03T22:40:18Z,NYSE:DIS
28.75785683473721,2.008455782909224,39.92609825428108,-1.4892443463872076,111.5815,55.49650444296712,-0.7593998888683158,107.16,6241390,1788475399,2026-09-03T22:43:19Z,NYSE:DIS
28.75785683473721,2.008455782909224,39.92609825428108,-1.4892443463872076,111.5815,55.49650444296712,-0.7593998888683158,107.16,6241401,1788475583,2026-09-03T22:46:23Z,NYSE:DIS
28.75785683473721,2.008455782909224,39.92609825428108,-1.4892443463872076,111.5815,55.49650444296712,-0.7593998888683158,107.16,6241468,1788475760,2026-09-03T22:49:20Z,NYSE:DIS
28.75785683473721,2.008455782909224,39.92609825428108,-1.4892443463872076,111.5815,55.49650444296712,-0.7593998888683158,107.16,6241551,1788475941,2026-09-03T22:52:21Z,NYSE:DIS
28.75785683473721,2.008455782909224,39.92609825428108,-1.4892443463872076,111.5815,55.49650444296712,-0.7593998888683158,107.16,6241721,1788476119,2026-09-03T22:55:19Z,NYSE:DIS
28.75785683473721,2.008455782909224,39.92609825428108,-1.4892443463872076,111.5815,55.49650444296712,-0.7593998888683158,107.16,6241860,1788476299,2026-09-03T22:58:19Z,NYSE:DIS
28.75785683473721,2.008455782909224,39.92609825428108,-1.4892443463872076,111.5815,55.49650444296712,-0.7593998888683158,107.16,6241911,1788476481,2026-09-03T23:01:21Z,NYSE:DIS
28.75785683473721,2.008455782909224,39.92609825428108,-1.4892443463872076,111.5815,55.49650444296712,-0.7593998888683158,107.16,6241911,1788476657,2026-09-03T23:04:17Z,NYSE:DIS
28.75785683473721,2.008455782909224,39.92609825428108,-1.4892443463872076,111.5815,55.49650444296712,-0.7593998888683158,107.16,6241986,1788476841,2026-09-03T23:07:21Z,NYSE:DIS
28.75785683473721,2.008455782909224,39.92609825428108,-1.4892443463872076,111.5815,55.49650444296712,-0.7593998888683158,107.16,6241993,1788477017,2026-09-03T23:10:17Z,NYSE:DIS
28.75785683473721,2.008455782909224,39.92609825428108,-1.4892443463872076,111.5815,55.49650444296712,-0.7593998888683158,107.16,6241993,1788477200,2026-09-03T23:13:20Z,NYSE:DIS
28.75785683473721,2.008455782909224,39.92609825428108,-1.4892443463872076,111.5815,55.49650444296712,-0.7593998888683158,107.16,6242005,1788477380,2026-09-03T23:16:20Z,NYSE:DIS
28.75785683473721,2.008455782909224,39.92609825428108,-1.4892443463872076,111.5815,55.49650444296712,-0.7593998888683158,107.16,6242007,1788477561,2026-09-03T23:19:21Z,NYSE:DIS
28.75785683473721,2.008455782909224,39.92609825428108,-1.4892443463872076,111.5815,55.49650444296712,-0.7593998888683158,107.16,6242135,1788477737,2026-09-03T23:22:17Z,NYSE:DIS
28.75785683473721,2.008455782909224,39.92609825428108,-1.4892443463872076,111.5815,55.49650444296712,-0.7593998888683158,107.16,6242178,1788477922,2026-09-03T23:25:22Z,NYSE:DIS
28.75785683473721,2.008455782909224,39.92609825428108,-1.4892443463872076,111.5815,55.49650444296712,-0.7593998888683158,107.16,6242178,1788478100,2026-09-03T23:28:20Z,NYSE:DIS
28.75785683473721,2.008455782909224,39.92609825428108,-1.4892443463872076,111.5815,55.49650444296712,-0.7593998888683158,107.16,6242178,1788478279,2026-09-03T23:31:19Z,NYSE:DIS
28.75785683473721,2.008455782909224,39.92609825428108,-1.4892443463872076,111.5815,55.49650444296712,-0.7593998888683158,107.16,6242179,1788478458,2026-09-03T23:34:18Z,NYSE:DIS
28.75785683473721,2.008455782909224,39.92609825428108,-1.4892443463872076,111.5815,55.49650444296712,-0.7593998888683158,107.16,6242181,1788478638,2026-09-03T23:37:18Z,NYSE:DIS
28.75785683473721,2.008455782909224,39.92609825428108,-1.4892443463872076,111.5815,55.49650444296712,-0.7593998888683158,107.16,6242189,1788478821,2026-09-03T23:40:21Z,NYSE:DIS
28.75785683473721,2.008455782909224,39.92609825428108,-1.4892443463872076,111.5815,55.49650444296712,-0.7593998888683158,107.16,6242192,1788478998,2026-09-03T23:43:18Z,NYSE:DIS
28.75785683473721,2.008455782909224,39.92609825428108,-1.4892443463872076,111.5815,55.49650444296712,-0.7593998888683158,107.16,6242192,1788479183,2026-09-03T23:46:23Z,NYSE:DIS
28.75785683473721,2.008455782909224,39.92609825428108,-1.4892443463872076,111.5815,55.49650444296712,-0.7593998888683158,107.16,6242367,1788479361,2026-09-03T23:49:21Z,NYSE:DIS
28.75785683473721,2.008455782909224,39.92609825428108,-1.4892443463872076,111.5815,55.49650444296712,-0.7593998888683158,107.16,6242367,1788479544,2026-09-03T23:52:24Z,NYSE:DIS
28.75785683473721,2.008455782909224,39.92609825428108,-1.4892443463872076,111.5815,55.49650444296712,-0.7593998888683158,107.16,6242373,1788479714,2026-09-03T23:55:14Z,NYSE:DIS
28.75785683473721,2.008455782909224,39.92609825428108,-1.4892443463872076,111.5815,55.49650444296712,-0.7593998888683158,107.16,6242416,1788479897,2026-09-03T23:58:17Z,NYSE:DIS
28.75785683473721,2.008455782909224,39.92609825428108,-1.4892443463872076,111.5815,55.49650444296712,-0.7593998888683158,107.16,6242471,1788480081,2026-09-04T00:01:21Z,NYSE:DIS
28.75785683473721,2.008455782909224,39.92609825428108,-1.4892443463872076,111.5815,55.49650444296712,-0.7593998888683158,107.16,6242471,1788480265,2026-09-04T00:04:25Z,NYSE:DIS
28.75785683473721,2.008455782909224,39.92609825428108,-1.4892443463872076,111.5815,55.49650444296712,-0.7593998888683158,107.16,6242472,1788480442,2026-09-04T00:07:22Z,NYSE:DIS
28.75785683473721,2.008455782909224,39.92609825428108,-1.4892443463872076,111.5815,55.49650444296712,-0.7593998888683158,107.16,6242472,1788480619,2026-09-04T00:10:19Z,NYSE:DIS
28.75785683473721,2.008455782909224,39.92609825428108,-1.4892443463872076,111.5815,55.49650444296712,-0.7593998888683158,107.16,6242492,1788480795,2026-09-04T00:13:15Z,NYSE:DIS
28.75785683473721,2.008455782909224,39.92609825428108,-1.4892443463872076,111.5815,55.49650444296712,-0.7593998888683158,107.16,6242524,1788480983,2026-09-04T00:16:23Z,NYSE:DIS
28.75785683473721,2.008455782909224,39.92609825428108,-1.4892443463872076,111.5815,55.49650444296712,-0.7593998888683158,107.16,6242524,1788481161,2026-09-04T00:19:21Z,NYSE:DIS
28.75785683473721,2.008455782909224,39.92609825428108,-1.4892443463872076,111.5815,55.49650444296712,-0.7593998888683158,107.16,6242524,1788481338,2026-09-04T00:22:18Z,NYSE:DIS
28.75785683473721,2.008455782909224,39.92609825428108,-1.4892443463872076,111.5815,55.49650444296712,-0.7593998888683158,107.16,6242524,1788481524,2026-09-04T00:25:24Z,NYSE:DIS
28.75785683473721,2.008455782909224,39.92609825428108,-1.4892443463872076,111.5815,55.49650444296712,-0.7593998888683158,107.16,6242524,1788481703,2026-09-04T00:28:23Z,NYSE:DIS
28.75785683473721,2.008455782909224,39.92609825428108,-1.4892443463872076,111.5815,55.49650444296712,-0.7593998888683158,107.16,6242524,1788481878,2026-09-04T00:31:18Z,NYSE:DIS
28.75785683473721,2.008455782909224,39.92609825428108,-1.4892443463872076,111.5815,55.49650444296712,-0.7593998888683158,107.16,6242524,1788482058,2026-09-04T00:34:18Z,NYSE:DIS
28.75785683473721,2.008455782909224,39.92609825428108,-1.4892443463872076,111.5815,55.49650444296712,-0.7593998888683158,107.16,6242524,1788482244,2026-09-04T00:37:24Z,NYSE:DIS
28.75785683473721,2.008455782909224,39.92609825428108,-1.4892443463872076,111.5815,55.49650444296712,-0.7593998888683158,107.16,6242524,1788482416,2026-09-04T00:40:16Z,NYSE:DIS
28.75785683473721,2.008455782909224,39.92609825428108,-1.4892443463872076,111.5815,55.49650444296712,-0.7593998888683158,107.16,6242524,1788482596,2026-09-04T00:43:16Z,NYSE:DIS
28.75785683473721,2.008455782909224,39.92609825428108,-1.4892443463872076,111.5815,55.49650444296712,-0.7593998888683158,107.16,6242524,1788482780,2026-09-04T00:46:20Z,NYSE:DIS
28.75785683473721,2.008455782909224,39.92609825428108,-1.4892443463872076,111.5815,55.49650444296712,-0.7593998888683158,107.16,6242524,1788482964,2026-09-04T00:49:24Z,NYSE:DIS
28.75785683473721,2.008455782909224,39.92609825428108,-1.4892443463872076,111.5815,55.49650444296712,-0.7593998888683158,107.16,6242524,1788483140,2026-09-04T00:52:20Z,NYSE:DIS
28.75785683473721,2.008455782909224,39.92609825428108,-1.4892443463872076,111.5815,55.49650444296712,-0.7593998888683158,107.16,6242524,1788483315,2026-09-04T00:55:15Z,NYSE:DIS
28.75785683473721,2.008455782909224,39.92609825428108,-1.4892443463872076,111.5815,55.49650444296712,-0.7593998888683158,107.16,6242524,1788483500,2026-09-04T00:58:20Z,NYSE:DIS
28.75785683473721,2.008455782909224,39.92609825428108,-1.4892443463872076,111.5815,55.49650444296712,-0.7593998888683158,107.16,6242524,1788483677,2026-09-04T01:01:17Z,NYSE:DIS
28.75785683473721,2.008455782909224,39.92609825428108,-1.4892443463872076,111.5815,55.49650444296712,-0.7593998888683158,107.16,6242524,1788483857,2026-09-04T01:04:17Z,NYSE:DIS
28.75785683473721,2.008455782909224,39.92609825428108,-1.4892443463872076,111.5815,55.49650444296712,-0.7593998888683158,107.16,6242524,1788484040,2026-09-04T01:07:20Z,NYSE:DIS
28.75785683473721,2.008455782909224,39.92609825428108,-1.4892443463872076,111.5815,55.49650444296712,-0.7593998888683158,107.16,6242524,1788484224,2026-09-04T01:10:24Z,NYSE:DIS
28.75785683473721,2.008455782909224,39.92609825428108,-1.4892443463872076,111.5815,55.49650444296712,-0.7593998888683158,107.16,6242524,1788484395,2026-09-04T01:13:15Z,NYSE:DIS
28.75785683473721,2.008455782909224,39.92609825428108,-1.4892443463872076,111.5815,55.49650444296712,-0.7593998888683158,107.16,6242524,1788484581,2026-09-04T01:16:21Z,NYSE:DIS
28.75785683473721,2.008455782909224,39.92609825428108,-1.4892443463872076,111.5815,55.49650444296712,-0.7593998888683158,107.16,6242524,1788484761,2026-09-04T01:19:21Z,NYSE:DIS
28.75785683473721,2.008455782909224,39.92609825428108,-1.4892443463872076,111.5815,55.49650444296712,-0.7593998888683158,107.16,6242524,1788484935,2026-09-04T01:22:15Z,NYSE:DIS
28.75785683473721,2.008455782909224,39.92609825428108,-1.4892443463872076,111.5815,55.49650444296712,-0.7593998888683158,107.16,6242524,1788485118,2026-09-04T01:25:18Z,NYSE:DIS
28.75785683473721,2.008455782909224,39.92609825428108,-1.4892443463872076,111.5815,55.49650444296712,-0.7593998888683158,107.16,6242524,1788485298,2026-09-04T01:28:18Z,NYSE:DIS
28.75785683473721,2.008455782909224,39.92609825428108,-1.4892443463872076,111.5815,55.49650444296712,-0.7593998888683158,107.16,6242524,1788485481,2026-09-04T01:31:21Z,NYSE:DIS
28.75785683473721,2.008455782909224,39.92609825428108,-1.4892443463872076,111.5815,55.49650444296712,-0.7593998888683158,107.16,6242524,1788485662,2026-09-04T01:34:22Z,NYSE:DIS
28.75785683473721,2.008455782909224,39.92609825428108,-1.4892443463872076,111.5815,55.49650444296712,-0.7593998888683158,107.16,6242524,1788485845,2026-09-04T01:37:25Z,NYSE:DIS
28.75785683473721,2.008455782909224,39.92609825428108,-1.4892443463872076,111.5815,55.49650444296712,-0.7593998888683158,107.16,6242524,1788486031,2026-09-04T01:40:31Z,NYSE:DIS
28.75785683473721,2.008455782909224,39.92609825428108,-1.4892443463872076,111.5815,55.49650444296712,-0.7593998888683158,107.16,6242524,1788486198,2026-09-04T01:43:18Z,NYSE:DIS
28.75785683473721,2.008455782909224,39.92609825428108,-1.4892443463872076,111.5815,55.49650444296712,-0.7593998888683158,107.16,6242524,1788486380,2026-09-04T01:46:20Z,NYSE:DIS
28.75785683473721,2.008455782909224,39.92609825428108,-1.4892443463872076,111.5815,55.49650444296712,-0.7593998888683158,107.16,6242524,1788486563,2026-09-04T01:49:23Z,NYSE:DIS
28.75785683473721,2.008455782909224,39.92609825428108,-1.4892443463872076,111.5815,55.49650444296712,-0.7593998888683158,107.16,6242524,1788486744,2026-09-04T01:52:24Z,NYSE:DIS
28.75785683473721,2.008455782909224,39.92609825428108,-1.4892443463872076,111.5815,55.49650444296712,-0.7593998888683158,107.16,6242524,1788486923,2026-09-04T01:55:23Z,NYSE:DIS
28.75785683473721,2.008455782909224,39.92609825428108,-1.4892443463872076,111.5815,55.49650444296712,-0.7593998888683158,107.16,6242524,1788487096,2026-09-04T01:58:16Z,NYSE:DIS
28.75785683473721,2.008455782909224,39.92609825428108,-1.4892443463872076,111.5815,55.49650444296712,-0.7593998888683158,107.16,6242524,1788487279,2026-09-04T02:01:19Z,NYSE:DIS
28.75785683473721,2.008455782909224,39.92609825428108,-1.4892443463872076,111.5815,55.49650444296712,-0.7593998888683158,107.16,6242524,1788487464,2026-09-04T02:04:24Z,NYSE:DIS
28.75785683473721,2.008455782909224,39.92609825428108,-1.4892443463872076,111.5815,55.49650444296712,-0.7593998888683158,107.16,6242524,1788487639,2026-09-04T02:07:19Z,NYSE:DIS
28.75785683473721,2.008455782909224,39.92609825428108,-1.4892443463872076,111.5815,55.49650444296712,-0.7593998888683158,107.16,6242524,1788487823,2026-09-04T02:10:23Z,NYSE:DIS
28.75785683473721,2.008455782909224,39.92609825428108,-1.4892443463872076,111.5815,55.49650444296712,-0.7593998888683158,107.16,6242524,1788487996,2026-09-04T02:13:16Z,NYSE:DIS
28.75785683473721,2.008455782909224,39.92609825428108,-1.4892443463872076,111.5815,55.49650444296712,-0.7593998888683158,107.16,6242524,1788488178,2026-09-04T02:16:18Z,NYSE:DIS
28.75785683473721,2.008455782909224,39.92609825428108,-1.4892443463872076,111.5815,55.49650444296712,-0.7593998888683158,107.16,6242524,1788488363,2026-09-04T02:19:23Z,NYSE:DIS
28.75785683473721,2.008455782909224,39.92609825428108,-1.4892443463872076,111.5815,55.49650444296712,-0.7593998888683158,107.16,6242524,1788488543,2026-09-04T02:22:23Z,NYSE:DIS
28.75785683473721,2.008455782909224,39.92609825428108,-1.4892443463872076,111.5815,55.49650444296712,-0.7593998888683158,107.16,6242524,1788488717,2026-09-04T02:25:17Z,NYSE:DIS
28.75785683473721,2.008455782909224,39.92609825428108,-1.4892443463872076,111.5815,55.49650444296712,-0.7593998888683158,107.16,6242524,1788488901,2026-09-04T02:28:21Z,NYSE:DIS
28.75785683473721,2.008455782909224,39.92609825428108,-1.4892443463872076,111.5815,55.49650444296712,-0.7593998888683158,107.16,6242524,1788489081,2026-09-04T02:31:21Z,NYSE:DIS
28.75785683473721,2.008455782909224,39.92609825428108,-1.4892443463872076,111.5815,55.49650444296712,-0.7593998888683158,107.16,6242524,1788489263,2026-09-04T02:34:23Z,NYSE:DIS
28.75785683473721,2.008455782909224,39.92609825428108,-1.4892443463872076,111.5815,55.49650444296712,-0.7593998888683158,107.16,6242524,1788489441,2026-09-04T02:37:21Z,NYSE:DIS
28.75785683473721,2.008455782909224,39.92609825428108,-1.4892443463872076,111.5815,55.49650444296712,-0.7593998888683158,107.16,6242524,1788489617,2026-09-04T02:40:17Z,NYSE:DIS
28.75785683473721,2.008455782909224,39.92609825428108,-1.4892443463872076,111.5815,55.49650444296712,-0.7593998888683158,107.16,6242524,1788489800,2026-09-04T02:43:20Z,NYSE:DIS
28.75785683473721,2.008455782909224,39.92609825428108,-1.4892443463872076,111.5815,55.49650444296712,-0.7593998888683158,107.16,6242524,1788489980,2026-09-04T02:46:20Z,NYSE:DIS
28.75785683473721,2.008455782909224,39.92609825428108,-1.4892443463872076,111.5815,55.49650444296712,-0.7593998888683158,107.16,6242524,1788490167,2026-09-04T02:49:27Z,NYSE:DIS
28.75785683473721,2.008455782909224,39.92609825428108,-1.4892443463872076,111.5815,55.49650444296712,-0.7593998888683158,107.16,6242524,1788490342,2026-09-04T02:52:22Z,NYSE:DIS
28.75785683473721,2.008455782909224,39.92609825428108,-1.4892443463872076,111.5815,55.49650444296712,-0.7593998888683158,107.16,6242524,1788490519,2026-09-04T02:55:19Z,NYSE:DIS
28.75785683473721,2.008455782909224,39.92609825428108,-1.4892443463872076,111.5815,55.49650444296712,-0.7593998888683158,107.16,6242524,1788490698,2026-09-04T02:58:18Z,NYSE:DIS
28.75785683473721,2.008455782909224,39.92609825428108,-1.4892443463872076,111.5815,55.49650444296712,-0.7593998888683158,107.16,6242524,1788490880,2026-09-04T03:01:20Z,NYSE:DIS
28.75785683473721,2.008455782909224,39.92609825428108,-1.4892443463872076,111.5815,55.49650444296712,-0.7593998888683158,107.16,6242524,1788491065,2026-09-04T03:04:25Z,NYSE:DIS
28.75785683473721,2.008455782909224,39.92609825428108,-1.4892443463872076,111.5815,55.49650444296712,-0.7593998888683158,107.16,6242524,1788491241,2026-09-04T03:07:21Z,NYSE:DIS
28.75785683473721,2.008455782909224,39.92609825428108,-1.4892443463872076,111.5815,55.49650444296712,-0.7593998888683158,107.16,6242524,1788491415,2026-09-04T03:10:15Z,NYSE:DIS
28.75785683473721,2.008455782909224,39.92609825428108,-1.4892443463872076,111.5815,55.49650444296712,-0.7593998888683158,107.16,6242524,1788491598,2026-09-04T03:13:18Z,NYSE:DIS
28.75785683473721,2.008455782909224,39.92609825428108,-1.4892443463872076,111.5815,55.49650444296712,-0.7593998888683158,107.16,6242524,1788491780,2026-09-04T03:16:20Z,NYSE:DIS
28.75785683473721,2.008455782909224,39.92609825428108,-1.4892443463872076,111.5815,55.49650444296712,-0.7593998888683158,107.16,6242524,1788491962,2026-09-04T03:19:22Z,NYSE:DIS
28.75785683473721,2.008455782909224,39.92609825428108,-1.4892443463872076,111.5815,55.49650444296712,-0.7593998888683158,107.16,6242524,1788492142,2026-09-04T03:22:22Z,NYSE:DIS
28.75785683473721,2.008455782909224,39.92609825428108,-1.4892443463872076,111.5815,55.49650444296712,-0.7593998888683158,107.16,6242524,1788492322,2026-09-04T03:25:22Z,NYSE:DIS
28.75785683473721,2.008455782909224,39.92609825428108,-1.4892443463872076,111.5815,55.49650444296712,-0.7593998888683158,107.16,6242524,1788492503,2026-09-04T03:28:23Z,NYSE:DIS
28.75785683473721,2.008455782909224,39.92609825428108,-1.4892443463872076,111.5815,55.49650444296712,-0.7593998888683158,107.16,6242524,1788492682,2026-09-04T03:31:22Z,NYSE:DIS
28.75785683473721,2.008455782909224,39.92609825428108,-1.4892443463872076,111.5815,55.49650444296712,-0.7593998888683158,107.16,6242524,1788492858,2026-09-04T03:34:18Z,NYSE:DIS
28.75785683473721,2.008455782909224,39.92609825428108,-1.4892443463872076,111.5815,55.49650444296712,-0.7593998888683158,107.16,6242524,1788493043,2026-09-04T03:37:23Z,NYSE:DIS
28.75785683473721,2.008455782909224,39.92609825428108,-1.4892443463872076,111.5815,55.49650444296712,-0.7593998888683158,107.16,6242524,1788493221,2026-09-04T03:40:21Z,NYSE:DIS
28.75785683473721,2.008455782909224,39.92609825428108,-1.4892443463872076,111.5815,55.49650444296712,-0.7593998888683158,107.16,6242524,1788493400,2026-09-04T03:43:20Z,NYSE:DIS
28.75785683473721,2.008455782909224,39.92609825428108,-1.4892443463872076,111.5815,55.49650444296712,-0.7593998888683158,107.16,6242524,1788493580,2026-09-04T03:46:20Z,NYSE:DIS
28.75785683473721,2.008455782909224,39.92609825428108,-1.4892443463872076,111.5815,55.49650444296712,-0.7593998888683158,107.16,6242524,1788493758,2026-09-04T03:49:18Z,NYSE:DIS
28.75785683473721,2.008455782909224,39.92609825428108,-1.4892443463872076,111.5815,55.49650444296712,-0.7593998888683158,107.16,6242524,1788493943,2026-09-04T03:52:23Z,NYSE:DIS
28.75785683473721,2.008455782909224,39.92609825428108,-1.4892443463872076,111.5815,55.49650444296712,-0.7593998888683158,107.16,6242524,1788494120,2026-09-04T03:55:20Z,NYSE:DIS
28.75785683473721,2.008455782909224,39.92609825428108,-1.4892443463872076,111.5815,55.49650444296712,-0.7593998888683158,107.16,6242524,1788494305,2026-09-04T03:58:25Z,NYSE:DIS
28.75785683473721,2.008455782909224,39.92609825428108,-1.4892443463872076,111.5815,55.49650444296712,-0.7593998888683158,107.16,6242524,1788494480,2026-09-04T04:01:20Z,NYSE:DIS
28.75785683473721,2.008455782909224,39.92609825428108,-1.4892443463872076,111.5815,55.49650444296712,-0.7593998888683158,107.16,6242524,1788494659,2026-09-04T04:04:19Z,NYSE:DIS
28.75785683473721,2.008455782909224,39.92609825428108,-1.4892443463872076,111.5815,55.49650444296712,-0.7593998888683158,107.16,6242524,1788494838,2026-09-04T04:07:18Z,NYSE:DIS
28.75785683473721,2.008455782909224,39.92609825428108,-1.4892443463872076,111.5815,55.49650444296712,-0.7593998888683158,107.16,6242524,1788495020,2026-09-04T04:10:20Z,NYSE:DIS
28.75785683473721,2.008455782909224,39.92609825428108,-1.4892443463872076,111.5815,55.49650444296712,-0.7593998888683158,107.16,6242524,1788495198,2026-09-04T04:13:18Z,NYSE:DIS
28.75785683473721,2.008455782909224,39.92609825428108,-1.4892443463872076,111.5815,55.49650444296712,-0.7593998888683158,107.16,6242524,1788495379,2026-09-04T04:16:19Z,NYSE:DIS
28.75785683473721,2.008455782909224,39.92609825428108,-1.4892443463872076,111.5815,55.49650444296712,-0.7593998888683158,107.16,6242524,1788495559,2026-09-04T04:19:19Z,NYSE:DIS
28.75785683473721,2.008455782909224,39.92609825428108,-1.4892443463872076,111.5815,55.49650444296712,-0.7593998888683158,107.16,6242524,1788495739,2026-09-04T04:22:19Z,NYSE:DIS
28.75785683473721,2.008455782909224,39.92609825428108,-1.4892443463872076,111.5815,55.49650444296712,-0.7593998888683158,107.16,6242524,1788495916,2026-09-04T04:25:16Z,NYSE:DIS
28.75785683473721,2.008455782909224,39.92609825428108,-1.4892443463872076,111.5815,55.49650444296712,-0.7593998888683158,107.16,6242524,1788496100,2026-09-04T04:28:20Z,NYSE:DIS
28.75785683473721,2.008455782909224,39.92609825428108,-1.4892443463872076,111.5815,55.49650444296712,-0.7593998888683158,107.16,6242524,1788496283,2026-09-04T04:31:23Z,NYSE:DIS
28.75785683473721,2.008455782909224,39.92609825428108,-1.4892443463872076,111.5815,55.49650444296712,-0.7593998888683158,107.16,6242524,1788496463,2026-09-04T04:34:23Z,NYSE:DIS
28.75785683473721,2.008455782909224,39.92609825428108,-1.4892443463872076,111.5815,55.49650444296712,-0.7593998888683158,107.16,6242524,1788496640,2026-09-04T04:37:20Z,NYSE:DIS
28.75785683473721,2.008455782909224,39.92609825428108,-1.4892443463872076,111.5815,55.49650444296712,-0.7593998888683158,107.16,6242524,1788496825,2026-09-04T04:40:25Z,NYSE:DIS
28.75785683473721,2.008455782909224,39.92609825428108,-1.4892443463872076,111.5815,55.49650444296712,-0.7593998888683158,107.16,6242524,1788497003,2026-09-04T04:43:23Z,NYSE:DIS
28.75785683473721,2.008455782909224,39.92609825428108,-1.4892443463872076,111.5815,55.49650444296712,-0.7593998888683158,107.16,6242524,1788497180,2026-09-04T04:46:20Z,NYSE:DIS
28.75785683473721,2.008455782909224,39.92609825428108,-1.4892443463872076,111.5815,55.49650444296712,-0.7593998888683158,107.16,6242524,1788497362,2026-09-04T04:49:22Z,NYSE:DIS
28.75785683473721,2.008455782909224,39.92609825428108,-1.4892443463872076,111.5815,55.49650444296712,-0.7593998888683158,107.16,6242524,1788497537,2026-09-04T04:52:17Z,NYSE:DIS
28.75785683473721,2.008455782909224,39.92609825428108,-1.4892443463872076,111.5815,55.49650444296712,-0.7593998888683158,107.16,6242524,1788497720,2026-09-04T04:55:20Z,NYSE:DIS
28.75785683473721,2.008455782909224,39.92609825428108,-1.4892443463872076,111.5815,55.49650444296712,-0.7593998888683158,107.16,6242524,1788497896,2026-09-04T04:58:16Z,NYSE:DIS
28.75785683473721,2.008455782909224,39.92609825428108,-1.4892443463872076,111.5815,55.49650444296712,-0.7593998888683158,107.16,6242524,1788498082,2026-09-04T05:01:22Z,NYSE:DIS
28.75785683473721,2.008455782909224,39.92609825428108,-1.4892443463872076,111.5815,55.49650444296712,-0.7593998888683158,107.16,6242524,1788498256,2026-09-04T05:04:16Z,NYSE:DIS
28.75785683473721,2.008455782909224,39.92609825428108,-1.4892443463872076,111.5815,55.49650444296712,-0.7593998888683158,107.16,6242524,1788498440,2026-09-04T05:07:20Z,NYSE:DIS
28.75785683473721,2.008455782909224,39.92609825428108,-1.4892443463872076,111.5815,55.49650444296712,-0.7593998888683158,107.16,6242524,1788498619,2026-09-04T05:10:19Z,NYSE:DIS
28.75785683473721,2.008455782909224,39.92609825428108,-1.4892443463872076,111.5815,55.49650444296712,-0.7593998888683158,107.16,6242524,1788498800,2026-09-04T05:13:20Z,NYSE:DIS
28.75785683473721,2.008455782909224,39.92609825428108,-1.4892443463872076,111.5815,55.49650444296712,-0.7593998888683158,107.16,6242524,1788498982,2026-09-04T05:16:22Z,NYSE:DIS
28.75785683473721,2.008455782909224,39.92609825428108,-1.4892443463872076,111.5815,55.49650444296712,-0.7593998888683158,107.16,6242524,1788499162,2026-09-04T05:19:22Z,NYSE:DIS
28.75785683473721,2.008455782909224,39.92609825428108,-1.4892443463872076,111.5815,55.49650444296712,-0.7593998888683158,107.16,6242524,1788499344,2026-09-04T05:22:24Z,NYSE:DIS
28.75785683473721,2.008455782909224,39.92609825428108,-1.4892443463872076,111.5815,55.49650444296712,-0.7593998888683158,107.16,6242524,1788499516,2026-09-04T05:25:16Z,NYSE:DIS
28.75785683473721,2.008455782909224,39.92609825428108,-1.4892443463872076,111.5815,55.49650444296712,-0.7593998888683158,107.16,6242524,1788499699,2026-09-04T05:28:19Z,NYSE:DIS
28.75785683473721,2.008455782909224,39.92609825428108,-1.4892443463872076,111.5815,55.49650444296712,-0.7593998888683158,107.16,6242524,1788499882,2026-09-04T05:31:22Z,NYSE:DIS
28.75785683473721,2.008455782909224,39.92609825428108,-1.4892443463872076,111.5815,55.49650444296712,-0.7593998888683158,107.16,6242524,1788500063,2026-09-04T05:34:23Z,NYSE:DIS
28.75785683473721,2.008455782909224,39.92609825428108,-1.4892443463872076,111.5815,55.49650444296712,-0.7593998888683158,107.16,6242524,1788500239,2026-09-04T05:37:19Z,NYSE:DIS
28.75785683473721,2.008455782909224,39.92609825428108,-1.4892443463872076,111.5815,55.49650444296712,-0.7593998888683158,107.16,6242524,1788500424,2026-09-04T05:40:24Z,NYSE:DIS
28.75785683473721,2.008455782909224,39.92609825428108,-1.4892443463872076,111.5815,55.49650444296712,-0.7593998888683158,107.16,6242524,1788500598,2026-09-04T05:43:18Z,NYSE:DIS
28.75785683473721,2.008455782909224,39.92609825428108,-1.4892443463872076,111.5815,55.49650444296712,-0.7593998888683158,107.16,6242524,1788500782,2026-09-04T05:46:22Z,NYSE:DIS
28.75785683473721,2.008455782909224,39.92609825428108,-1.4892443463872076,111.5815,55.49650444296712,-0.7593998888683158,107.16,6242524,1788500957,2026-09-04T05:49:17Z,NYSE:DIS
28.75785683473721,2.008455782909224,39.92609825428108,-1.4892443463872076,111.5815,55.49650444296712,-0.7593998888683158,107.16,6242524,1788501138,2026-09-04T05:52:18Z,NYSE:DIS
28.75785683473721,2.008455782909224,39.92609825428108,-1.4892443463872076,111.5815,55.49650444296712,-0.7593998888683158,107.16,6242524,1788501324,2026-09-04T05:55:24Z,NYSE:DIS
28.75785683473721,2.008455782909224,39.92609825428108,-1.4892443463872076,111.5815,55.49650444296712,-0.7593998888683158,107.16,6242524,1788501499,2026-09-04T05:58:19Z,NYSE:DIS
28.75785683473721,2.008455782909224,39.92609825428108,-1.4892443463872076,111.5815,55.49650444296712,-0.7593998888683158,107.16,6242524,1788501676,2026-09-04T06:01:16Z,NYSE:DIS
28.75785683473721,2.008455782909224,39.92609825428108,-1.4892443463872076,111.5815,55.49650444296712,-0.7593998888683158,107.16,6242524,1788501859,2026-09-04T06:04:19Z,NYSE:DIS
28.75785683473721,2.008455782909224,39.92609825428108,-1.4892443463872076,111.5815,55.49650444296712,-0.7593998888683158,107.16,6242524,1788502042,2026-09-04T06:07:22Z,NYSE:DIS
28.75785683473721,2.008455782909224,39.92609825428108,-1.4892443463872076,111.5815,55.49650444296712,-0.7593998888683158,107.16,6242524,1788502222,2026-09-04T06:10:22Z,NYSE:DIS
28.75785683473721,2.008455782909224,39.92609825428108,-1.4892443463872076,111.5815,55.49650444296712,-0.7593998888683158,107.16,6242524,1788502400,2026-09-04T06:13:20Z,NYSE:DIS
28.75785683473721,2.008455782909224,39.92609825428108,-1.4892443463872076,111.5815,55.49650444296712,-0.7593998888683158,107.16,6242524,1788502579,2026-09-04T06:16:19Z,NYSE:DIS
28.75785683473721,2.008455782909224,39.92609825428108,-1.4892443463872076,111.5815,55.49650444296712,-0.7593998888683158,107.16,6242524,1788502765,2026-09-04T06:19:25Z,NYSE:DIS
28.75785683473721,2.008455782909224,39.92609825428108,-1.4892443463872076,111.5815,55.49650444296712,-0.7593998888683158,107.16,6242524,1788502943,2026-09-04T06:22:23Z,NYSE:DIS
28.75785683473721,2.008455782909224,39.92609825428108,-1.4892443463872076,111.5815,55.49650444296712,-0.7593998888683158,107.16,6242524,1788503119,2026-09-04T06:25:19Z,NYSE:DIS
28.75785683473721,2.008455782909224,39.92609825428108,-1.4892443463872076,111.5815,55.49650444296712,-0.7593998888683158,107.16,6242524,1788503300,2026-09-04T06:28:20Z,NYSE:DIS
28.75785683473721,2.008455782909224,39.92609825428108,-1.4892443463872076,111.5815,55.49650444296712,-0.7593998888683158,107.16,6242524,1788503480,2026-09-04T06:31:20Z,NYSE:DIS
28.75785683473721,2.008455782909224,39.92609825428108,-1.4892443463872076,111.5815,55.49650444296712,-0.7593998888683158,107.16,6242524,1788503661,2026-09-04T06:34:21Z,NYSE:DIS
28.75785683473721,2.008455782909224,39.92609825428108,-1.4892443463872076,111.5815,55.49650444296712,-0.7593998888683158,107.16,6242524,1788503838,2026-09-04T06:37:18Z,NYSE:DIS
28.75785683473721,2.008455782909224,39.92609825428108,-1.4892443463872076,111.5815,55.49650444296712,-0.7593998888683158,107.16,6242524,1788504021,2026-09-04T06:40:21Z,NYSE:DIS
28.75785683473721,2.008455782909224,39.92609825428108,-1.4892443463872076,111.5815,55.49650444296712,-0.7593998888683158,107.16,6242524,1788504199,2026-09-04T06:43:19Z,NYSE:DIS
28.75785683473721,2.008455782909224,39.92609825428108,-1.4892443463872076,111.5815,55.49650444296712,-0.7593998888683158,107.16,6242524,1788504377,2026-09-04T06:46:17Z,NYSE:DIS
28.75785683473721,2.008455782909224,39.92609825428108,-1.4892443463872076,111.5815,55.49650444296712,-0.7593998888683158,107.16,6242524,1788504566,2026-09-04T06:49:26Z,NYSE:DIS
28.75785683473721,2.008455782909224,39.92609825428108,-1.4892443463872076,111.5815,55.49650444296712,-0.7593998888683158,107.16,6242524,1788504736,2026-09-04T06:52:16Z,NYSE:DIS
28.75785683473721,2.008455782909224,39.92609825428108,-1.4892443463872076,111.5815,55.49650444296712,-0.7593998888683158,107.16,6242524,1788504918,2026-09-04T06:55:18Z,NYSE:DIS
28.75785683473721,2.008455782909224,39.92609825428108,-1.4892443463872076,111.5815,55.49650444296712,-0.7593998888683158,107.16,6242524,1788505098,2026-09-04T06:58:18Z,NYSE:DIS
28.75785683473721,2.008455782909224,39.92609825428108,-1.4892443463872076,111.5815,55.49650444296712,-0.7593998888683158,107.16,6242524,1788505280,2026-09-04T07:01:20Z,NYSE:DIS
28.75785683473721,2.008455782909224,39.92609825428108,-1.4892443463872076,111.5815,55.49650444296712,-0.7593998888683158,107.16,6242524,1788505456,2026-09-04T07:04:16Z,NYSE:DIS
28.75785683473721,2.008455782909224,39.92609825428108,-1.4892443463872076,111.5815,55.49650444296712,-0.7593998888683158,107.16,6242524,1788505640,2026-09-04T07:07:20Z,NYSE:DIS
28.75785683473721,2.008455782909224,39.92609825428108,-1.4892443463872076,111.5815,55.49650444296712,-0.7593998888683158,107.16,6242524,1788505819,2026-09-04T07:10:19Z,NYSE:DIS
28.75785683473721,2.008455782909224,39.92609825428108,-1.4892443463872076,111.5815,55.49650444296712,-0.7593998888683158,107.16,6242524,1788506000,2026-09-04T07:13:20Z,NYSE:DIS
28.75785683473721,2.008455782909224,39.92609825428108,-1.4892443463872076,111.5815,55.49650444296712,-0.7593998888683158,107.16,6242524,1788506178,2026-09-04T07:16:18Z,NYSE:DIS
28.75785683473721,2.008455782909224,39.92609825428108,-1.4892443463872076,111.5815,55.49650444296712,-0.7593998888683158,107.16,6242524,1788506365,2026-09-04T07:19:25Z,NYSE:DIS
28.75785683473721,2.008455782909224,39.92609825428108,-1.4892443463872076,111.5815,55.49650444296712,-0.7593998888683158,107.16,6242524,1788506538,2026-09-04T07:22:18Z,NYSE:DIS
28.75785683473721,2.008455782909224,39.92609825428108,-1.4892443463872076,111.5815,55.49650444296712,-0.7593998888683158,107.16,6242524,1788506721,2026-09-04T07:25:21Z,NYSE:DIS
28.75785683473721,2.008455782909224,39.92609825428108,-1.4892443463872076,111.5815,55.49650444296712,-0.7593998888683158,107.16,6242524,1788506897,2026-09-04T07:28:17Z,NYSE:DIS
28.75785683473721,2.008455782909224,39.92609825428108,-1.4892443463872076,111.5815,55.49650444296712,-0.7593998888683158,107.16,6242524,1788507082,2026-09-04T07:31:22Z,NYSE:DIS
28.75785683473721,2.008455782909224,39.92609825428108,-1.4892443463872076,111.5815,55.49650444296712,-0.7593998888683158,107.16,6242524,1788507259,2026-09-04T07:34:19Z,NYSE:DIS
28.75785683473721,2.008455782909224,39.92609825428108,-1.4892443463872076,111.5815,55.49650444296712,-0.7593998888683158,107.16,6242524,1788507440,2026-09-04T07:37:20Z,NYSE:DIS
28.75785683473721,2.008455782909224,39.92609825428108,-1.4892443463872076,111.5815,55.49650444296712,-0.7593998888683158,107.16,6242524,1788507621,2026-09-04T07:40:21Z,NYSE:DIS
28.75785683473721,2.008455782909224,39.92609825428108,-1.4892443463872076,111.5815,55.49650444296712,-0.7593998888683158,107.16,6242524,1788507797,2026-09-04T07:43:17Z,NYSE:DIS
28.75785683473721,2.008455782909224,39.92609825428108,-1.4892443463872076,111.5815,55.49650444296712,-0.7593998888683158,107.16,6242524,1788507978,2026-09-04T07:46:18Z,NYSE:DIS
28.75785683473721,2.008455782909224,39.92609825428108,-1.4892443463872076,111.5815,55.49650444296712,-0.7593998888683158,107.16,6242524,1788508159,2026-09-04T07:49:19Z,NYSE:DIS
28.75785683473721,2.008455782909224,39.92609825428108,-1.4892443463872076,111.5815,55.49650444296712,-0.7593998888683158,107.16,6242524,1788508339,2026-09-04T07:52:19Z,NYSE:DIS
28.75785683473721,2.008455782909224,39.92609825428108,-1.4892443463872076,111.5815,55.49650444296712,-0.7593998888683158,107.16,6242524,1788508520,2026-09-04T07:55:20Z,NYSE:DIS
28.75785683473721,2.008455782909224,39.92609825428108,-1.4892443463872076,111.5815,55.49650444296712,-0.7593998888683158,107.16,6242524,1788508703,2026-09-04T07:58:23Z,NYSE:DIS
28.75785683473721,2.008455782909224,39.92609825428108,-1.4892443463872076,111.5815,55.49650444296712,-0.7593998888683158,107.16,6242524,1788508879,2026-09-04T08:01:19Z,NYSE:DIS
28.75785683473721,2.008455782909224,39.92609825428108,-1.4892443463872076,111.5815,55.49650444296712,-0.7593998888683158,107.16,6242524,1788509059,2026-09-04T08:04:19Z,NYSE:DIS
28.75785683473721,2.008455782909224,39.92609825428108,-1.4892443463872076,111.5815,55.49650444296712,-0.7593998888683158,107.16,6242524,1788509240,2026-09-04T08:07:20Z,NYSE:DIS
28.75785683473721,2.008455782909224,39.92609825428108,-1.4892443463872076,111.5815,55.49650444296712,-0.7593998888683158,107.16,6242524,1788509414,2026-09-04T08:10:14Z,NYSE:DIS
28.75785683473721,2.008455782909224,39.92609825428108,-1.4892443463872076,111.5815,55.49650444296712,-0.7593998888683158,107.16,6242524,1788509596,2026-09-04T08:13:16Z,NYSE:DIS
28.75785683473721,2.008455782909224,39.92609825428108,-1.4892443463872076,111.5815,55.49650444296712,-0.7593998888683158,107.16,6242524,1788509778,2026-09-04T08:16:18Z,NYSE:DIS
28.75785683473721,2.008455782909224,39.92609825428108,-1.4892443463872076,111.5815,55.49650444296712,-0.7593998888683158,107.16,6242524,1788509959,2026-09-04T08:19:19Z,NYSE:DIS
28.75785683473721,2.008455782909224,39.92609825428108,-1.4892443463872076,111.5815,55.49650444296712,-0.7593998888683158,107.16,6242524,1788510139,2026-09-04T08:22:19Z,NYSE:DIS
28.75785683473721,2.008455782909224,39.92609825428108,-1.4892443463872076,111.5815,55.49650444296712,-0.7593998888683158,107.16,6242524,1788510317,2026-09-04T08:25:17Z,NYSE:DIS
28.75785683473721,2.008455782909224,39.92609825428108,-1.4892443463872076,111.5815,55.49650444296712,-0.7593998888683158,107.16,6242524,1788510498,2026-09-04T08:28:18Z,NYSE:DIS
28.75785683473721,2.008455782909224,39.92609825428108,-1.4892443463872076,111.5815,55.49650444296712,-0.7593998888683158,107.16,6242524,1788510681,2026-09-04T08:31:21Z,NYSE:DIS
28.75785683473721,2.008455782909224,39.92609825428108,-1.4892443463872076,111.5815,55.49650444296712,-0.7593998888683158,107.16,6242524,1788510862,2026-09-04T08:34:22Z,NYSE:DIS
28.75785683473721,2.008455782909224,39.92609825428108,-1.4892443463872076,111.5815,55.49650444296712,-0.7593998888683158,107.16,6242524,1788511039,2026-09-04T08:37:19Z,NYSE:DIS
28.75785683473721,2.008455782909224,39.92609825428108,-1.4892443463872076,111.5815,55.49650444296712,-0.7593998888683158,107.16,6242524,1788511220,2026-09-04T08:40:20Z,NYSE:DIS
28.75785683473721,2.008455782909224,39.92609825428108,-1.4892443463872076,111.5815,55.49650444296712,-0.7593998888683158,107.16,6242524,1788511400,2026-09-04T08:43:20Z,NYSE:DIS
28.75785683473721,2.008455782909224,39.92609825428108,-1.4892443463872076,111.5815,55.49650444296712,-0.7593998888683158,107.16,6242524,1788511581,2026-09-04T08:46:21Z,NYSE:DIS
28.75785683473721,2.008455782909224,39.92609825428108,-1.4892443463872076,111.5815,55.49650444296712,-0.7593998888683158,107.16,6242524,1788511760,2026-09-04T08:49:20Z,NYSE:DIS
28.75785683473721,2.008455782909224,39.92609825428108,-1.4892443463872076,111.5815,55.49650444296712,-0.7593998888683158,107.16,6242524,1788511938,2026-09-04T08:52:18Z,NYSE:DIS
28.75785683473721,2.008455782909224,39.92609825428108,-1.4892443463872076,111.5815,55.49650444296712,-0.7593998888683158,107.16,6242524,1788512119,2026-09-04T08:55:19Z,NYSE:DIS
28.75785683473721,2.008455782909224,39.92609825428108,-1.4892443463872076,111.5815,55.49650444296712,-0.7593998888683158,107.16,6242524,1788512298,2026-09-04T08:58:18Z,NYSE:DIS
28.75785683473721,2.008455782909224,39.92609825428108,-1.4892443463872076,111.5815,55.49650444296712,-0.7593998888683158,107.16,6242524,1788512479,2026-09-04T09:01:19Z,NYSE:DIS
28.75785683473721,2.008455782909224,39.92609825428108,-1.4892443463872076,111.5815,55.49650444296712,-0.7593998888683158,107.16,6242524,1788512662,2026-09-04T09:04:22Z,NYSE:DIS
28.75785683473721,2.008455782909224,39.92609825428108,-1.4892443463872076,111.5815,55.49650444296712,-0.7593998888683158,107.16,6242524,1788512835,2026-09-04T09:07:15Z,NYSE:DIS
28.75785683473721,2.008455782909224,39.92609825428108,-1.4892443463872076,111.5815,55.49650444296712,-0.7593998888683158,107.16,6242524,1788513021,2026-09-04T09:10:21Z,NYSE:DIS
28.75785683473721,2.008455782909224,39.92609825428108,-1.4892443463872076,111.5815,55.49650444296712,-0.7593998888683158,107.16,6242524,1788513199,2026-09-04T09:13:19Z,NYSE:DIS
28.75785683473721,2.008455782909224,39.92609825428108,-1.4892443463872076,111.5815,55.49650444296712,-0.7593998888683158,107.16,6242524,1788513378,2026-09-04T09:16:18Z,NYSE:DIS
28.75785683473721,2.008455782909224,39.92609825428108,-1.4892443463872076,111.5815,55.49650444296712,-0.7593998888683158,107.16,6242524,1788513560,2026-09-04T09:19:20Z,NYSE:DIS
28.75785683473721,2.008455782909224,39.92609825428108,-1.4892443463872076,111.5815,55.49650444296712,-0.7593998888683158,107.16,6242524,1788513743,2026-09-04T09:22:23Z,NYSE:DIS
28.75785683473721,2.008455782909224,39.92609825428108,-1.4892443463872076,111.5815,55.49650444296712,-0.7593998888683158,107.16,6242524,1788513921,2026-09-04T09:25:21Z,NYSE:DIS
28.75785683473721,2.008455782909224,39.92609825428108,-1.4892443463872076,111.5815,55.49650444296712,-0.7593998888683158,107.16,6242524,1788514094,2026-09-04T09:28:14Z,NYSE:DIS
28.75785683473721,2.008455782909224,39.92609825428108,-1.4892443463872076,111.5815,55.49650444296712,-0.7593998888683158,107.16,6242524,1788514274,2026-09-04T09:31:14Z,NYSE:DIS
28.75785683473721,2.008455782909224,39.92609825428108,-1.4892443463872076,111.5815,55.49650444296712,-0.7593998888683158,107.16,6242524,1788514461,2026-09-04T09:34:21Z,NYSE:DIS
28.75785683473721,2.008455782909224,39.92609825428108,-1.4892443463872076,111.5815,55.49650444296712,-0.7593998888683158,107.16,6242524,1788514643,2026-09-04T09:37:23Z,NYSE:DIS
28.75785683473721,2.008455782909224,39.92609825428108,-1.4892443463872076,111.5815,55.49650444296712,-0.7593998888683158,107.16,6242524,1788514821,2026-09-04T09:40:21Z,NYSE:DIS
28.75785683473721,2.008455782909224,39.92609825428108,-1.4892443463872076,111.5815,55.49650444296712,-0.7593998888683158,107.16,6242524,1788514994,2026-09-04T09:43:14Z,NYSE:DIS
28.75785683473721,2.008455782909224,39.92609825428108,-1.4892443463872076,111.5815,55.49650444296712,-0.7593998888683158,107.16,6242524,1788515183,2026-09-04T09:46:23Z,NYSE:DIS
28.75785683473721,2.008455782909224,39.92609825428108,-1.4892443463872076,111.5815,55.49650444296712,-0.7593998888683158,107.16,6242524,1788515364,2026-09-04T09:49:24Z,NYSE:DIS
28.75785683473721,2.008455782909224,39.92609825428108,-1.4892443463872076,111.5815,55.49650444296712,-0.7593998888683158,107.16,6242524,1788515541,2026-09-04T09:52:21Z,NYSE:DIS
28.75785683473721,2.008455782909224,39.92609825428108,-1.4892443463872076,111.5815,55.49650444296712,-0.7593998888683158,107.16,6242524,1788515719,2026-09-04T09:55:19Z,NYSE:DIS
28.75785683473721,2.008455782909224,39.92609825428108,-1.4892443463872076,111.5815,55.49650444296712,-0.7593998888683158,107.16,6242524,1788515898,2026-09-04T09:58:18Z,NYSE:DIS
28.75785683473721,2.008455782909224,39.92609825428108,-1.4892443463872076,111.5815,55.49650444296712,-0.7593998888683158,107.16,6242524,1788516082,2026-09-04T10:01:22Z,NYSE:DIS
28.75785683473721,2.008455782909224,39.92609825428108,-1.4892443463872076,111.5815,55.49650444296712,-0.7593998888683158,107.16,6242524,1788516258,2026-09-04T10:04:18Z,NYSE:DIS
28.75785683473721,2.008455782909224,39.92609825428108,-1.4892443463872076,111.5815,55.49650444296712,-0.7593998888683158,107.16,6242524,1788516438,2026-09-04T10:07:18Z,NYSE:DIS
28.75785683473721,2.008455782909224,39.92609825428108,-1.4892443463872076,111.5815,55.49650444296712,-0.7593998888683158,107.16,6242524,1788516624,2026-09-04T10:10:24Z,NYSE:DIS
28.75785683473721,2.008455782909224,39.92609825428108,-1.4892443463872076,111.5815,55.49650444296712,-0.7593998888683158,107.16,6242524,1788516801,2026-09-04T10:13:21Z,NYSE:DIS
28.75785683473721,2.008455782909224,39.92609825428108,-1.4892443463872076,111.5815,55.49650444296712,-0.7593998888683158,107.16,6242524,1788516978,2026-09-04T10:16:18Z,NYSE:DIS
28.75785683473721,2.008455782909224,39.92609825428108,-1.4892443463872076,111.5815,55.49650444296712,-0.7593998888683158,107.16,6242524,1788517159,2026-09-04T10:19:19Z,NYSE:DIS
28.75785683473721,2.008455782909224,39.92609825428108,-1.4892443463872076,111.5815,55.49650444296712,-0.7593998888683158,107.16,6242524,1788517340,2026-09-04T10:22:20Z,NYSE:DIS
28.75785683473721,2.008455782909224,39.92609825428108,-1.4892443463872076,111.5815,55.49650444296712,-0.7593998888683158,107.16,6242524,1788517520,2026-09-04T10:25:20Z,NYSE:DIS
28.75785683473721,2.008455782909224,39.92609825428108,-1.4892443463872076,111.5815,55.49650444296712,-0.7593998888683158,107.16,6242524,1788517699,2026-09-04T10:28:19Z,NYSE:DIS
28.75785683473721,2.008455782909224,39.92609825428108,-1.4892443463872076,111.5815,55.49650444296712,-0.7593998888683158,107.16,6242524,1788517878,2026-09-04T10:31:18Z,NYSE:DIS
28.75785683473721,2.008455782909224,39.92609825428108,-1.4892443463872076,111.5815,55.49650444296712,-0.7593998888683158,107.16,6242524,1788518059,2026-09-04T10:34:19Z,NYSE:DIS
28.75785683473721,2.008455782909224,39.92609825428108,-1.4892443463872076,111.5815,55.49650444296712,-0.7593998888683158,107.16,6242524,1788518245,2026-09-04T10:37:25Z,NYSE:DIS
28.75785683473721,2.008455782909224,39.92609825428108,-1.4892443463872076,111.5815,55.49650444296712,-0.7593998888683158,107.16,6242524,1788518423,2026-09-04T10:40:23Z,NYSE:DIS
28.75785683473721,2.008455782909224,39.92609825428108,-1.4892443463872076,111.5815,55.49650444296712,-0.7593998888683158,107.16,6242524,1788518598,2026-09-04T10:43:18Z,NYSE:DIS
28.75785683473721,2.008455782909224,39.92609825428108,-1.4892443463872076,111.5815,55.49650444296712,-0.7593998888683158,107.16,6242524,1788518778,2026-09-04T10:46:18Z,NYSE:DIS
28.75785683473721,2.008455782909224,39.92609825428108,-1.4892443463872076,111.5815,55.49650444296712,-0.7593998888683158,107.16,6242524,1788518963,2026-09-04T10:49:23Z,NYSE:DIS
28.75785683473721,2.008455782909224,39.92609825428108,-1.4892443463872076,111.5815,55.49650444296712,-0.7593998888683158,107.16,6242524,1788519141,2026-09-04T10:52:21Z,NYSE:DIS
28.75785683473721,2.008455782909224,39.92609825428108,-1.4892443463872076,111.5815,55.49650444296712,-0.7593998888683158,107.16,6242524,1788519320,2026-09-04T10:55:20Z,NYSE:DIS
28.75785683473721,2.008455782909224,39.92609825428108,-1.4892443463872076,111.5815,55.49650444296712,-0.7593998888683158,107.16,6242524,1788519499,2026-09-04T10:58:19Z,NYSE:DIS
28.75785683473721,2.008455782909224,39.92609825428108,-1.4892443463872076,111.5815,55.49650444296712,-0.7593998888683158,107.16,6242524,1788519681,2026-09-04T11:01:21Z,NYSE:DIS
28.75785683473721,2.008455782909224,39.92609825428108,-1.4892443463872076,111.5815,55.49650444296712,-0.7593998888683158,107.16,6242524,1788519859,2026-09-04T11:04:19Z,NYSE:DIS
28.75785683473721,2.008455782909224,39.92609825428108,-1.4892443463872076,111.5815,55.49650444296712,-0.7593998888683158,107.16,6242524,1788520040,2026-09-04T11:07:20Z,NYSE:DIS
28.75785683473721,2.008455782909224,39.92609825428108,-1.4892443463872076,111.5815,55.49650444296712,-0.7593998888683158,107.16,6242524,1788520222,2026-09-04T11:10:22Z,NYSE:DIS
28.75785683473721,2.008455782909224,39.92609825428108,-1.4892443463872076,111.5815,55.49650444296712,-0.7593998888683158,107.16,6242524,1788520399,2026-09-04T11:13:19Z,NYSE:DIS
28.75785683473721,2.008455782909224,39.92609825428108,-1.4892443463872076,111.5815,55.49650444296712,-0.7593998888683158,107.16,6242524,1788520577,2026-09-04T11:16:17Z,NYSE:DIS
28.75785683473721,2.008455782909224,39.92609825428108,-1.4892443463872076,111.5815,55.49650444296712,-0.7593998888683158,107.16,6242524,1788520762,2026-09-04T11:19:22Z,NYSE:DIS
28.75785683473721,2.008455782909224,39.92609825428108,-1.4892443463872076,111.5815,55.49650444296712,-0.7593998888683158,107.16,6242524,1788520941,2026-09-04T11:22:21Z,NYSE:DIS
28.75785683473721,2.008455782909224,39.92609825428108,-1.4892443463872076,111.5815,55.49650444296712,-0.7593998888683158,107.16,6242524,1788521117,2026-09-04T11:25:17Z,NYSE:DIS
28.75785683473721,2.008455782909224,39.92609825428108,-1.4892443463872076,111.5815,55.49650444296712,-0.7593998888683158,107.16,6242524,1788521298,2026-09-04T11:28:18Z,NYSE:DIS
28.75785683473721,2.008455782909224,39.92609825428108,-1.4892443463872076,111.5815,55.49650444296712,-0.7593998888683158,107.16,6242524,1788521479,2026-09-04T11:31:19Z,NYSE:DIS
28.75785683473721,2.008455782909224,39.92609825428108,-1.4892443463872076,111.5815,55.49650444296712,-0.7593998888683158,107.16,6242524,1788521660,2026-09-04T11:34:20Z,NYSE:DIS
28.75785683473721,2.008455782909224,39.92609825428108,-1.4892443463872076,111.5815,55.49650444296712,-0.7593998888683158,107.16,6242524,1788521836,2026-09-04T11:37:16Z,NYSE:DIS
28.75785683473721,2.008455782909224,39.92609825428108,-1.4892443463872076,111.5815,55.49650444296712,-0.7593998888683158,107.16,6242524,1788522020,2026-09-04T11:40:20Z,NYSE:DIS
28.75785683473721,2.008455782909224,39.92609825428108,-1.4892443463872076,111.5815,55.49650444296712,-0.7593998888683158,107.16,6242524,1788522198,2026-09-04T11:43:18Z,NYSE:DIS
28.75785683473721,2.008455782909224,39.92609825428108,-1.4892443463872076,111.5815,55.49650444296712,-0.7593998888683158,107.16,6242524,1788522379,2026-09-04T11:46:19Z,NYSE:DIS
28.75785683473721,2.008455782909224,39.92609825428108,-1.4892443463872076,111.5815,55.49650444296712,-0.7593998888683158,107.16,6242524,1788522559,2026-09-04T11:49:19Z,NYSE:DIS
28.75785683473721,2.008455782909224,39.92609825428108,-1.4892443463872076,111.5815,55.49650444296712,-0.7593998888683158,107.16,6242524,1788522741,2026-09-04T11:52:21Z,NYSE:DIS
28.75785683473721,2.008455782909224,39.92609825428108,-1.4892443463872076,111.5815,55.49650444296712,-0.7593998888683158,107.16,6242524,1788522922,2026-09-04T11:55:22Z,NYSE:DIS
28.75785683473721,2.008455782909224,39.92609825428108,-1.4892443463872076,111.5815,55.49650444296712,-0.7593998888683158,107.16,6242524,1788523101,2026-09-04T11:58:21Z,NYSE:DIS
28.75785683473721,2.008455782909224,39.92609825428108,-1.4892443463872076,111.5815,55.49650444296712,-0.7593998888683158,107.16,6242524,1788523285,2026-09-04T12:01:25Z,NYSE:DIS
28.75785683473721,2.008455782909224,39.92609825428108,-1.4892443463872076,111.5815,55.49650444296712,-0.7593998888683158,107.16,6242524,1788523459,2026-09-04T12:04:19Z,NYSE:DIS
28.75785683473721,2.008455782909224,39.92609825428108,-1.4892443463872076,111.5815,55.49650444296712,-0.7593998888683158,107.16,6242524,1788523639,2026-09-04T12:07:19Z,NYSE:DIS
28.75785683473721,2.008455782909224,39.92609825428108,-1.4892443463872076,111.5815,55.49650444296712,-0.7593998888683158,107.16,6242524,1788523820,2026-09-04T12:10:20Z,NYSE:DIS
28.75785683473721,2.008455782909224,39.92609825428108,-1.4892443463872076,111.5815,55.49650444296712,-0.7593998888683158,107.16,6242524,1788524005,2026-09-04T12:13:25Z,NYSE:DIS
28.75785683473721,2.008455782909224,39.92609825428108,-1.4892443463872076,111.5815,55.49650444296712,-0.7593998888683158,107.16,6242524,1788524177,2026-09-04T12:16:17Z,NYSE:DIS
28.75785683473721,2.008455782909224,39.92609825428108,-1.4892443463872076,111.5815,55.49650444296712,-0.7593998888683158,107.16,6242524,1788524360,2026-09-04T12:19:20Z,NYSE:DIS
28.75785683473721,2.008455782909224,39.92609825428108,-1.4892443463872076,111.5815,55.49650444296712,-0.7593998888683158,107.16,6242524,1788524535,2026-09-04T12:22:15Z,NYSE:DIS
28.75785683473721,2.008455782909224,39.92609825428108,-1.4892443463872076,111.5815,55.49650444296712,-0.7593998888683158,107.16,6242524,1788524719,2026-09-04T12:25:19Z,NYSE:DIS
28.75785683473721,2.008455782909224,39.92609825428108,-1.4892443463872076,111.5815,55.49650444296712,-0.7593998888683158,107.16,6242524,1788524902,2026-09-04T12:28:22Z,NYSE:DIS
28.75785683473721,2.008455782909224,39.92609825428108,-1.4892443463872076,111.5815,55.49650444296712,-0.7593998888683158,107.16,6242524,1788525079,2026-09-04T12:31:19Z,NYSE:DIS
28.75785683473721,2.008455782909224,39.92609825428108,-1.4892443463872076,111.5815,55.49650444296712,-0.7593998888683158,107.16,6242524,1788525255,2026-09-04T12:34:15Z,NYSE:DIS
28.75785683473721,2.008455782909224,39.92609825428108,-1.4892443463872076,111.5815,55.49650444296712,-0.7593998888683158,107.16,6242524,1788525441,2026-09-04T12:37:21Z,NYSE:DIS
28.75785683473721,2.008455782909224,39.92609825428108,-1.4892443463872076,111.5815,55.49650444296712,-0.7593998888683158,107.16,6242524,1788525622,2026-09-04T12:40:22Z,NYSE:DIS
28.75785683473721,2.008455782909224,39.92609825428108,-1.4892443463872076,111.5815,55.49650444296712,-0.7593998888683158,107.16,6242524,1788525797,2026-09-04T12:43:17Z,NYSE:DIS
28.75785683473721,2.008455782909224,39.92609825428108,-1.4892443463872076,111.5815,55.49650444296712,-0.7593998888683158,107.16,6242524,1788525980,2026-09-04T12:46:20Z,NYSE:DIS
28.75785683473721,2.008455782909224,39.92609825428108,-1.4892443463872076,111.5815,55.49650444296712,-0.7593998888683158,107.16,6242524,1788526159,2026-09-04T12:49:19Z,NYSE:DIS
28.75785683473721,2.008455782909224,39.92609825428108,-1.4892443463872076,111.5815,55.49650444296712,-0.7593998888683158,107.16,6242524,1788526339,2026-09-04T12:52:19Z,NYSE:DIS
28.75785683473721,2.008455782909224,39.92609825428108,-1.4892443463872076,111.5815,55.49650444296712,-0.7593998888683158,107.16,6242524,1788526518,2026-09-04T12:55:18Z,NYSE:DIS
28.75785683473721,2.008455782909224,39.92609825428108,-1.4892443463872076,111.5815,55.49650444296712,-0.7593998888683158,107.16,6242524,1788526701,2026-09-04T12:58:21Z,NYSE:DIS
28.75785683473721,2.008455782909224,39.92609825428108,-1.4892443463872076,111.5815,55.49650444296712,-0.7593998888683158,107.16,6242524,1788526881,2026-09-04T13:01:21Z,NYSE:DIS
28.75785683473721,2.008455782909224,39.92609825428108,-1.4892443463872076,111.5815,55.49650444296712,-0.7593998888683158,107.16,6242524,1788527058,2026-09-04T13:04:18Z,NYSE:DIS
28.75785683473721,2.008455782909224,39.92609825428108,-1.4892443463872076,111.5815,55.49650444296712,-0.7593998888683158,107.16,6242524,1788527242,2026-09-04T13:07:22Z,NYSE:DIS
28.75785683473721,2.008455782909224,39.92609825428108,-1.4892443463872076,111.5815,55.49650444296712,-0.7593998888683158,107.16,6242524,1788527422,2026-09-04T13:10:22Z,NYSE:DIS
28.75785683473721,2.008455782909224,39.92609825428108,-1.4892443463872076,111.5815,55.49650444296712,-0.7593998888683158,107.16,6242524,1788527598,2026-09-04T13:13:18Z,NYSE:DIS
28.75785683473721,2.008455782909224,39.92609825428108,-1.4892443463872076,111.5815,55.49650444296712,-0.7593998888683158,107.16,6242524,1788527781,2026-09-04T13:16:21Z,NYSE:DIS
28.75785683473721,2.008455782909224,39.92609825428108,-1.4892443463872076,111.5815,55.49650444296712,-0.7593998888683158,107.16,6242524,1788527962,2026-09-04T13:19:22Z,NYSE:DIS
28.75785683473721,2.008455782909224,39.92609825428108,-1.4892443463872076,111.5815,55.49650444296712,-0.7593998888683158,107.16,6242524,1788528135,2026-09-04T13:22:15Z,NYSE:DIS
28.75785683473721,2.008455782909224,39.92609825428108,-1.4892443463872076,111.5815,55.49650444296712,-0.7593998888683158,107.16,6242524,1788528316,2026-09-04T13:25:16Z,NYSE:DIS
28.75785683473721,2.008455782909224,39.92609825428108,-1.4892443463872076,111.5815,55.49650444296712,-0.7593998888683158,107.16,6242524,1788528501,2026-09-04T13:28:21Z,NYSE:DIS
28.75785683473721,2.008455782909224,39.92609825428108,-1.4892443463872076,111.5815,55.49650444296712,-0.7593998888683158,107.16,6242524,1788528678,2026-09-04T13:31:18Z,NYSE:DIS
28.75785683473721,2.008455782909224,39.92609825428108,-1.4892443463872076,111.5815,55.49650444296712,-0.7593998888683158,107.16,6242524,1788528861,2026-09-04T13:34:21Z,NYSE:DIS
28.75785683473721,2.008455782909224,39.92609825428108,-1.4892443463872076,111.5815,55.49650444296712,-0.7593998888683158,107.16,6242524,1788529041,2026-09-04T13:37:21Z,NYSE:DIS
28.75785683473721,2.008455782909224,39.92609825428108,-1.4892443463872076,111.5815,55.49650444296712,-0.7593998888683158,107.16,6242524,1788529219,2026-09-04T13:40:19Z,NYSE:DIS
28.75785683473721,2.008455782909224,39.92609825428108,-1.4892443463872076,111.5815,55.49650444296712,-0.7593998888683158,107.16,6242524,1788529400,2026-09-04T13:43:20Z,NYSE:DIS
28.474369215948247,-0.928466471792106,-4.761879903712479,-0.5594405594405542,111.5815,54.011859561755735,-0.4759238521836421,106.65,195696,1788529580,2026-09-04T13:46:20Z,NYSE:DIS
28.40616632894184,-0.848466471792122,-5.915969301959684,-0.6899766899766852,111.5815,53.61810438945906,-0.6065696155281742,106.51,232399,1788529759,2026-09-04T13:49:19Z,NYSE:DIS
28.40616632894184,-0.9198950432206772,-3.02637929852632,-0.4568764568764521,111.5815,54.32531928999419,-0.3732736095557964,106.76,262232,1788529937,2026-09-04T13:52:17Z,NYSE:DIS
28.40616632894184,-0.8156093289349684,-7.240303689083034,-0.797202797202801,111.5815,53.29893189890565,-0.7138857782754765,106.395,293056,1788530120,2026-09-04T13:55:20Z,NYSE:DIS
28.40616632894184,-0.7884664717921197,-8.33201179895639,-0.8857808857808884,111.5815,53.03811971197534,-0.802538260544979,106.3,320318,1788530299,2026-09-04T13:58:19Z,NYSE:DIS
28.39940340136473,-0.8156093289349684,-7.757688381445562,-0.8298368298368304,111.5815,53.20254531003092,-0.7465472191116063,106.36,362353,1788530476,2026-09-04T14:01:16Z,NYSE:DIS
28.3859085235842,-0.7984664717920964,-9.478930034303415,-0.9510489510489474,111.5815,52.84756976586129,-0.8678611422172383,106.23,405281,1788530659,2026-09-04T14:04:19Z,NYSE:DIS
28.33899924388489,-0.851323614649246,-10.966487731712368,-1.006993006993005,111.5815,52.6853276480542,-0.9238521836506112,106.17,444329,1788530840,2026-09-04T14:07:20Z,NYSE:DIS
28.16699558619392,-1.0316664717921071,-17.253524497130215,-1.2773892773892817,111.5815,51.91499526992165,-1.1944755505785751,105.88,503084,1788531020,2026-09-04T14:10:20Z,NYSE:DIS
28.16699558619392,-1.077380757506404,-15.442283753005404,-1.1282051282051224,111.5815,52.337197884746615,-1.0451661067562434,106.04,536434,1788531203,2026-09-04T14:13:23Z,NYSE:DIS
28.090099581007,-1.1427664717921149,-19.015059015064697,-1.3100233100233112,111.5815,51.55111661434868,-1.2271369914147048,105.845,610740,1788531381,2026-09-04T14:16:21Z,NYSE:DIS
28.07395703048921,-1.1327521860778091,-20.71047340018792,-1.4265734265734276,111.5815,51.49954993612256,-1.3437849944008935,105.72,656021,1788531559,2026-09-04T14:19:19Z,NYSE:DIS
28.07395703048921,-1.1584664717920958,-19.698560970933,-1.3426573426573405,111.5815,51.73241608202267,-1.2597984322508349,105.81,712361,1788531737,2026-09-04T14:22:17Z,NYSE:DIS
28.058312682077908,-1.1520379003635384,-21.21575138485607,-1.4452214452214425,111.5815,51.44808631929299,-1.3624486748786804,105.7,750581,1788531919,2026-09-04T14:25:19Z,NYSE:DIS
28.058312682077908,-1.1620379003635293,-20.82279643294348,-1.4125874125874132,111.5815,51.53821526585991,-1.3297872340425505,105.735,785990,1788532104,2026-09-04T14:28:24Z,NYSE:DIS
28.03029727385057,-1.1856093289349587,-22.168934395700152,-1.4825174825174856,111.5815,51.34546703641475,-1.3997760358342666,105.66,820864,1788532284,2026-09-04T14:31:24Z,NYSE:DIS
27.999384909398355,-1.2127521860778216,-23.62363812242569,-1.5571095571095588,111.5815,51.141451708532216,-1.474430757745426,105.58,866091,1788532461,2026-09-04T14:34:21Z,NYSE:DIS
27.91100175245284,-1.3263236146492543,-26.46623767142362,-1.6596736596736608,111.5815,50.86356346701273,-1.5770810003732716,105.47,948957,1788532642,2026-09-04T14:37:22Z,NYSE:DIS
27.88095253774384,-1.3529407575063743,-27.930305646202665,-1.7359813519813527,111.5815,50.65876596242718,-1.6534527808883888,105.38816,980057,1788532817,2026-09-04T14:40:17Z,NYSE:DIS
27.83456442219024,-1.4085093289349544,-29.658416683127992,-1.808857808857807,111.5815,50.46471106915124,-1.7263904441955902,105.31,1042863,1788533001,2026-09-04T14:43:21Z,NYSE:DIS
27.754167793953595,-1.5341807575063768,-31.613083660616315,-1.8461538461538496,111.5815,50.36597344682104,-1.7637178051511764,105.27,1083767,1788533180,2026-09-04T14:46:20Z,NYSE:DIS
27.754167793953595,-1.5384664717920913,-31.447791515464782,-1.832167832167836,111.5815,50.40295474378366,-1.7497200447928332,105.285,1139980,1788533357,2026-09-04T14:49:17Z,NYSE:DIS
27.754167793953595,-1.5456093289349582,-31.172196152095605,-1.808857808857807,111.5815,50.46471106915124,-1.7263904441955902,105.31,1181040,1788533541,2026-09-04T14:52:21Z,NYSE:DIS
27.754167793953595,-1.554180757506387,-30.841302642336693,-1.7808857808857776,111.5815,50.53901871478923,-1.6983949234789038,105.34,1209368,1788533720,2026-09-04T14:55:20Z,NYSE:DIS
27.754167793953595,-1.5513236146492346,-30.95162219444289,-1.7902097902097918,111.5815,50.514225196929,-1.7077267637178035,105.33,1231516,1788533894,2026-09-04T14:58:14Z,NYSE:DIS
27.754167793953595,-1.5684664717920924,-30.289378892320784,-1.7342657342657335,111.5815,50.66335227871941,-1.6517357222844309,105.39,1261963,1788534084,2026-09-04T15:01:24Z,NYSE:DIS
27.754167793953595,-1.5313236146492528,-31.72325132368972,-1.8554778554778504,111.5815,50.34134938261051,-1.773049645390063,105.26,1302782,1788534254,2026-09-04T15:04:14Z,NYSE:DIS
27.754167793953595,-1.5341807575063768,-31.613083660616315,-1.8461538461538496,111.5815,50.36597344682104,-1.7637178051511764,105.27,1345514,1788534439,2026-09-04T15:07:19Z,NYSE:DIS
27.754167793953595,-1.5341807575063768,-31.613083660616315,-1.8461538461538496,111.5815,50.36597344682104,-1.7637178051511764,105.27,1367241,1788534619,2026-09-04T15:10:19Z,NYSE:DIS
27.754167793953595,-1.5356093289349673,-31.55799169976979,-1.841491841491836,111.5815,50.3782945146327,-1.7590518850317198,105.275,1386326,1788534799,2026-09-04T15:13:19Z,NYSE:DIS
27.754167793953595,-1.5341807575063768,-31.613083660616315,-1.8461538461538496,111.5815,50.36597344682104,-1.7637178051511764,105.27,1423810,1788534982,2026-09-04T15:16:22Z,NYSE:DIS
27.754167793953595,-1.5284664717921004,-31.83339731394079,-1.8648018648018647,111.5815,50.31674938418082,-1.782381485628963,105.25,1455704,1788535156,2026-09-04T15:19:16Z,NYSE:DIS
27.754167793953595,-1.517037900363519,-32.273764674560425,-1.902097902097908,111.5815,50.21858934404239,-1.819708846584549,105.21,1482196,1788535341,2026-09-04T15:22:21Z,NYSE:DIS
27.754167793953595,-1.537009328934957,-31.50399631907644,-1.8369230769230789,111.5815,50.39037501107453,-1.7544792833146687,105.2799,1516076,1788535520,2026-09-04T15:25:20Z,NYSE:DIS
27.754167793953595,-1.525609328934948,-31.943521637762185,-1.8741258741258788,111.5815,50.292173416268966,-1.7917133258678628,105.24,1540955,1788535700,2026-09-04T15:28:20Z,NYSE:DIS
27.754167793953595,-1.5524950432206737,-30.9063938051952,-1.7863869463869404,111.5815,50.52438759637052,-1.703900709219849,105.3341,1581943,1788535875,2026-09-04T15:31:15Z,NYSE:DIS
27.754167793953595,-1.5870379003635406,-29.571064759461827,-1.6736596736596752,111.5815,50.82590342505269,-1.5910787607316148,105.455,1641924,1788536058,2026-09-04T15:34:18Z,NYSE:DIS
27.754167793953595,-1.6170379003635418,-28.40876491777895,-1.5757575757575737,111.5815,51.09070094752462,-1.4930944382232123,105.56,1690026,1788536240,2026-09-04T15:37:20Z,NYSE:DIS
27.754167793953595,-1.5798950432206738,-29.84744831946624,-1.6969696969696906,111.5815,50.76326046452553,-1.6144083613288445,105.43,1707849,1788536421,2026-09-04T15:40:21Z,NYSE:DIS
27.754167793953595,-1.5884664717921029,-29.5157717021636,-1.6689976689976749,111.5815,50.838450574402245,-1.5864128406121714,105.46,1726403,1788536604,2026-09-04T15:43:24Z,NYSE:DIS
27.754167793953595,-1.577037900363521,-29.95796361947121,-1.7062937062937047,111.5815,50.73824649520489,-1.6237402015677445,105.42,1742224,1788536782,2026-09-04T15:46:22Z,NYSE:DIS
27.754167793953595,-1.5656093289349684,-30.399807128992315,-1.7435897435897478,111.5815,50.638436649328185,-1.6610675625233309,105.38,1763042,1788536961,2026-09-04T15:49:21Z,NYSE:DIS
27.754167793953595,-1.5570379003635395,-30.73096136615657,-1.7715617715617769,111.5815,50.56383658303357,-1.689063083240017,105.35,1782237,1788537135,2026-09-04T15:52:15Z,NYSE:DIS
27.754167793953595,-1.5398950432206815,-31.39268329040345,-1.8275058275058216,111.5815,50.415293913982,-1.7450541246733766,105.29,1810454,1788537325,2026-09-04T15:55:25Z,NYSE:DIS
27.754167793953595,-1.5513236146492346,-30.95162219444289,-1.7902097902097918,111.5815,50.514225196929,-1.7077267637178035,105.33,1827067,1788537499,2026-09-04T15:58:19Z,NYSE:DIS
27.754167793953595,-1.564180757506378,-30.455013090766435,-1.7482517482517483,111.5815,50.62598802227933,-1.665733482642774,105.375,1845256,1788537681,2026-09-04T16:01:21Z,NYSE:DIS
27.754167793953595,-1.5713236146492449,-30.178928899463774,-1.7249417249417196,111.5815,50.68829243865405,-1.642403882045531,105.4,1876593,1788537857,2026-09-04T16:04:17Z,NYSE:DIS
27.754167793953595,-1.5956093289349695,-29.23922464486217,-1.645687645687646,111.5815,50.90127935964472,-1.5630832400149282,105.485,1895464,1788538042,2026-09-04T16:07:22Z,NYSE:DIS
27.754167793953595,-1.5970379003635315,-29.183898873596867,-1.641025641025646,111.5815,50.913863756594985,-1.5584173198954852,105.49,1915080,1788538221,2026-09-04T16:10:21Z,NYSE:DIS
27.754167793953595,-1.5798950432206738,-29.84744831946624,-1.6969696969696906,111.5815,50.76326046452553,-1.6144083613288445,105.43,1936529,1788538401,2026-09-04T16:13:21Z,NYSE:DIS
27.754167793953595,-1.5713236146492449,-30.178928899463774,-1.7249417249417196,111.5815,50.68829243865405,-1.642403882045531,105.4,1954569,1788538579,2026-09-04T16:16:19Z,NYSE:DIS
27.754167793953595,-1.5741807575063973,-30.068457143991107,-1.7156177156177188,111.5815,50.71325716537706,-1.6330720418066442,105.41,1973565,1788538764,2026-09-04T16:19:24Z,NYSE:DIS
27.754167793953595,-1.5598950432206635,-30.620598359486163,-1.7622377622377627,111.5815,50.58867883755243,-1.679731243001117,105.36,1995877,1788538937,2026-09-04T16:22:17Z,NYSE:DIS
27.754167793953595,-1.5898950432206649,-29.46047319455193,-1.664335664335661,111.5815,50.85100392019184,-1.5817469204927148,105.465,2010512,1788539119,2026-09-04T16:25:19Z,NYSE:DIS
27.754167793953595,-1.6213236146492562,-28.24252546522748,-1.561771561771559,111.5815,51.12875456817408,-1.479096677864869,105.575,2064415,1788539305,2026-09-04T16:28:25Z,NYSE:DIS
27.754167793953595,-1.6170379003635418,-28.40876491777895,-1.5757575757575737,111.5815,51.09070094752462,-1.4930944382232123,105.56,2100698,1788539482,2026-09-04T16:31:22Z,NYSE:DIS
27.754167793953595,-1.6341807575063996,-27.74351170012717,-1.5198135198135156,111.5815,51.243256311173,-1.4371033967898394,105.62,2123556,1788539657,2026-09-04T16:34:17Z,NYSE:DIS
27.754167793953595,-1.6456093289349525,-27.29957154697412,-1.4825174825174856,111.5815,51.34546703641475,-1.3997760358342666,105.66,2141393,1788539838,2026-09-04T16:37:18Z,NYSE:DIS
27.754167793953595,-1.627037900363533,-28.02079629360756,-1.5431235431235442,111.5815,51.17958099579119,-1.4604329973870829,105.595,2152984,1788540020,2026-09-04T16:40:20Z,NYSE:DIS
27.754167793953595,-1.6056093289349604,-28.85182965960844,-1.6130536130536168,111.5815,50.98950100528732,-1.5304217991787987,105.52,2184184,1788540203,2026-09-04T16:43:23Z,NYSE:DIS
27.754167793953595,-1.599895043220684,-29.07323096480988,-1.6317016317016315,111.5815,50.93905122728254,-1.5490854796565852,105.5,2200524,1788540376,2026-09-04T16:46:16Z,NYSE:DIS
27.754167793953595,-1.6170379003635418,-28.40876491777895,-1.5757575757575737,111.5815,51.09070094752462,-1.4930944382232123,105.56,2224535,1788540560,2026-09-04T16:49:20Z,NYSE:DIS
27.754167793953595,-1.612752186077827,-28.574955172181724,-1.589743589743588,111.5815,51.05270392911771,-1.5070921985815555,105.545,2246739,1788540739,2026-09-04T16:52:19Z,NYSE:DIS
27.754167793953595,-1.6141807575063891,-28.51956388582676,-1.5850815850815878,111.5815,51.06536332057943,-1.5024262784621123,105.55,2281420,1788540920,2026-09-04T16:55:20Z,NYSE:DIS
27.754167793953595,-1.6184664717921038,-28.353357234467868,-1.5710955710955732,111.5815,51.10337919236039,-1.488428518103769,105.565,2301532,1788541102,2026-09-04T16:58:22Z,NYSE:DIS
27.754167793953595,-1.6284664717920947,-27.965350322408813,-1.5384615384615437,111.5815,51.192303395960536,-1.4557670772676394,105.6,2323196,1788541277,2026-09-04T17:01:17Z,NYSE:DIS
27.754167793953595,-1.6198950432206658,-28.29794408388748,-1.566433566433573,111.5815,51.116063731014265,-1.4837625979843256,105.57,2352567,1788541461,2026-09-04T17:04:21Z,NYSE:DIS
27.754167793953595,-1.6177521860778228,-28.381061759481035,-1.573426573426573,111.5815,51.09703928350804,-1.4907614781634908,105.5625,2372901,1788541643,2026-09-04T17:07:23Z,NYSE:DIS
27.754167793953595,-1.6056093289349604,-28.85182965960844,-1.6130536130536168,111.5815,50.98950100528732,-1.5304217991787987,105.52,2385801,1788541816,2026-09-04T17:10:16Z,NYSE:DIS
27.754167793953595,-1.602752186077808,-28.96254122896589,-1.6223776223776176,111.5815,50.96426363116648,-1.5397536394176852,105.51,2404028,1788542001,2026-09-04T17:13:21Z,NYSE:DIS
27.754167793953595,-1.5956093289349695,-29.23922464486217,-1.645687645687646,111.5815,50.90127935964472,-1.5630832400149282,105.485,2423187,1788542185,2026-09-04T17:16:25Z,NYSE:DIS
27.754167793953595,-1.5970379003635315,-29.183898873596867,-1.641025641025646,111.5815,50.913863756594985,-1.5584173198954852,105.49,2432967,1788542362,2026-09-04T17:19:22Z,NYSE:DIS
27.754167793953595,-1.6056093289349604,-28.85182965960844,-1.6130536130536168,111.5815,50.98950100528732,-1.5304217991787987,105.52,2448393,1788542538,2026-09-04T17:22:18Z,NYSE:DIS
27.754167793953595,-1.648466471792105,-27.188531698193582,-1.4731934731934715,111.5815,51.37108345931025,-1.3904441955953666,105.67,2529175,1788542726,2026-09-04T17:25:26Z,NYSE:DIS
27.754167793953595,-1.6541807575063814,-26.9663861825584,-1.4545454545454566,111.5815,51.42239306239747,-1.37178051511758,105.69,2556992,1788542900,2026-09-04T17:28:20Z,NYSE:DIS
27.754167793953595,-1.6427521860778285,-27.410589465062085,-1.4918414918414866,111.5815,51.31987614827634,-1.4091078760731532,105.65,2583792,1788543080,2026-09-04T17:31:20Z,NYSE:DIS
27.754167793953595,-1.6441807575063905,-27.355083246949054,-1.487179487179486,111.5815,51.33266840288777,-1.4044419559537098,105.655,2598610,1788543264,2026-09-04T17:34:24Z,NYSE:DIS
27.754167793953595,-1.6656093289349627,-26.521831696855404,-1.4172494172494134,111.5815,51.52532037322154,-1.334453154161994,105.73,2622994,1788543434,2026-09-04T17:37:14Z,NYSE:DIS
27.754167793953595,-1.648466471792105,-27.188531698193582,-1.4731934731934715,111.5815,51.37108345931025,-1.3904441955953666,105.67,2635890,1788543623,2026-09-04T17:40:23Z,NYSE:DIS
27.754167793953595,-1.6598950432206865,-26.744152866133795,-1.4358974358974417,111.5815,51.47380526435335,-1.3531168346397937,105.71,2649704,1788543796,2026-09-04T17:43:16Z,NYSE:DIS
27.754167793953595,-1.6584664717920958,-26.79971942941089,-1.4405594405594422,111.5815,51.46094257839537,-1.357782754759237,105.705,2678272,1788543985,2026-09-04T17:46:25Z,NYSE:DIS
27.754167793953595,-1.6913236146492494,-25.520297858012785,-1.3333333333333397,111.5815,51.75842015786191,-1.250466592011948,105.82,2701601,1788544161,2026-09-04T17:49:21Z,NYSE:DIS
27.754167793953595,-1.685609328934973,-25.74301501052508,-1.3519813519813546,111.5815,51.70643812260625,-1.2691302724897344,105.8,2721288,1788544337,2026-09-04T17:52:17Z,NYSE:DIS
27.754167793953595,-1.688466471792097,-25.63166744849195,-1.3426573426573405,111.5815,51.73241608202267,-1.2597984322508349,105.81,2741942,1788544523,2026-09-04T17:55:23Z,NYSE:DIS
27.754167793953595,-1.6913236146492494,-25.520297858012785,-1.3333333333333397,111.5815,51.75842015786191,-1.250466592011948,105.82,2757809,1788544702,2026-09-04T17:58:22Z,NYSE:DIS
27.754167793953595,-1.688466471792097,-25.63166744849195,-1.3426573426573405,111.5815,51.73241608202267,-1.2597984322508349,105.81,2775598,1788544881,2026-09-04T18:01:21Z,NYSE:DIS
27.754167793953595,-1.685609328934973,-25.74301501052508,-1.3519813519813546,111.5815,51.70643812260625,-1.2691302724897344,105.8,2795185,1788545062,2026-09-04T18:04:22Z,NYSE:DIS
27.754167793953595,-1.685609328934973,-25.74301501052508,-1.3519813519813546,111.5815,51.70643812260625,-1.2691302724897344,105.8,2812765,1788545242,2026-09-04T18:07:22Z,NYSE:DIS
27.754167793953595,-1.685637900363545,-25.74190164392391,-1.3518881118881114,111.5815,51.706697773053314,-1.2690369540873423,105.8001,2825674,1788545419,2026-09-04T18:10:19Z,NYSE:DIS
27.754167793953595,-1.6913236146492494,-25.520297858012785,-1.3333333333333397,111.5815,51.75842015786191,-1.250466592011948,105.82,2835531,1788545606,2026-09-04T18:13:26Z,NYSE:DIS
27.754167793953595,-1.7113236146492596,-24.74009337864473,-1.2680652680652675,111.5815,51.94118326846686,-1.1851437103396751,105.89,2859814,1788545778,2026-09-04T18:16:18Z,NYSE:DIS
27.754167793953595,-1.7084664717921072,-24.851617351453665,-1.2773892773892817,111.5815,51.91499526992165,-1.1944755505785751,105.88,2883535,1788545962,2026-09-04T18:19:22Z,NYSE:DIS
27.754167793953595,-1.718466471792098,-24.4611868286852,-1.244755244755239,111.5815,52.006769000674346,-1.1618141097424322,105.915,2908281,1788546140,2026-09-04T18:22:20Z,NYSE:DIS
27.754167793953595,-1.7227521860778126,-24.293776613605104,-1.2307692307692244,111.5815,52.046200002291584,-1.147816349384089,105.93,2924213,1788546323,2026-09-04T18:25:23Z,NYSE:DIS
27.754167793953595,-1.7284664717921174,-24.07048561492245,-1.2121212121212095,111.5815,52.09886777558313,-1.1291526689063025,105.95,2949976,1788546504,2026-09-04T18:28:24Z,NYSE:DIS
27.754167793953595,-1.7370379003635463,-23.735383198880783,-1.1841491841491805,111.5815,52.17806960224331,-1.101157148189616,105.98,2972067,1788546685,2026-09-04T18:31:25Z,NYSE:DIS
27.754167793953595,-1.7488133289349577,-23.274694558441983,-1.1457212121212117,111.5815,52.28727054722394,-1.062696901829037,106.021214,2996487,1788546865,2026-09-04T18:34:25Z,NYSE:DIS
27.754167793953595,-1.7513236146492517,-23.17643628553086,-1.1375291375291363,111.5815,52.3106091363445,-1.0544979469951432,106.03,3012331,1788547048,2026-09-04T18:37:28Z,NYSE:DIS
27.754167793953595,-1.7456093289349752,-23.40008152336535,-1.1561771561771514,111.5815,52.25751260420641,-1.07316162747293,106.01,3045783,1788547225,2026-09-04T18:40:25Z,NYSE:DIS
27.754167793953595,-1.7584664717921186,-22.896755009629807,-1.1142191142191078,111.5815,52.37713172609777,-1.0311683463979002,106.055,3061079,1788547404,2026-09-04T18:43:24Z,NYSE:DIS
27.754167793953595,-1.7584664717921186,-22.896755009629807,-1.1142191142191078,111.5815,52.37713172609777,-1.0311683463979002,106.055,3087900,1788547585,2026-09-04T18:46:25Z,NYSE:DIS
27.754167793953595,-1.764180757506395,-22.67291014170344,-1.095571095571093,111.5815,52.4304717398304,-1.0125046659201136,106.075,3110179,1788547761,2026-09-04T18:49:21Z,NYSE:DIS
27.754167793953595,-1.7284664717921174,-24.07048561492245,-1.2121212121212095,111.5815,52.09886777558313,-1.1291526689063025,105.95,3132761,1788547946,2026-09-04T18:52:26Z,NYSE:DIS
27.754167793953595,-1.718466471792098,-24.4611868286852,-1.244755244755239,111.5815,52.006769000674346,-1.1618141097424322,105.915,3152416,1788548122,2026-09-04T18:55:22Z,NYSE:DIS
27.754167793953595,-1.725609328934965,-24.18214217108363,-1.2214452214452236,111.5815,52.072520571483125,-1.1384845091452025,105.94,3166818,1788548305,2026-09-04T18:58:25Z,NYSE:DIS
27.754167793953595,-1.7227521860778126,-24.293776613605104,-1.2307692307692244,111.5815,52.046200002291584,-1.147816349384089,105.93,3189733,1788548487,2026-09-04T19:01:27Z,NYSE:DIS
27.754167793953595,-1.7167521860778123,-24.52813699222753,-1.2503496503496447,111.5815,51.99101332413792,-1.1674132138857696,105.909,3203404,1788548666,2026-09-04T19:04:26Z,NYSE:DIS
27.754167793953595,-1.6913236146492494,-25.520297858012785,-1.3333333333333397,111.5815,51.75842015786191,-1.250466592011948,105.82,3224940,1788548842,2026-09-04T19:07:22Z,NYSE:DIS
27.754167793953595,-1.6756093289349536,-26.132558097945875,-1.384615384615384,111.5815,51.61572036444809,-1.3017917133258643,105.765,3251561,1788549023,2026-09-04T19:10:23Z,NYSE:DIS
27.754167793953595,-1.677037900363544,-26.076925591278965,-1.3799533799533836,111.5815,51.62866055004714,-1.2971257932064209,105.77,3271708,1788549206,2026-09-04T19:13:26Z,NYSE:DIS
27.754167793953595,-1.6598950432206865,-26.744152866133795,-1.4358974358974417,111.5815,51.47380526435335,-1.3531168346397937,105.71,3309925,1788549384,2026-09-04T19:16:24Z,NYSE:DIS
27.754167793953595,-1.6573236146492576,-26.84416872720186,-1.4442890442890504,111.5815,51.45065705719622,-1.3615154908547995,105.701,3328721,1788549559,2026-09-04T19:19:19Z,NYSE:DIS
27.754167793953595,-1.6556093289349718,-26.910836086809965,-1.4498834498834563,111.5815,51.43523648223058,-1.367114594998137,105.695,3351479,1788549739,2026-09-04T19:22:19Z,NYSE:DIS
27.754167793953595,-1.6656093289349627,-26.521831696855404,-1.4172494172494134,111.5815,51.52532037322154,-1.334453154161994,105.73,3376281,1788549924,2026-09-04T19:25:24Z,NYSE:DIS
27.754167793953595,-1.6541807575063814,-26.9663861825584,-1.4545454545454566,111.5815,51.42239306239747,-1.37178051511758,105.69,3393579,1788550103,2026-09-04T19:28:23Z,NYSE:DIS
27.754167793953595,-1.6541807575063814,-26.9663861825584,-1.4545454545454566,111.5815,51.42239306239747,-1.37178051511758,105.69,3417339,1788550285,2026-09-04T19:31:25Z,NYSE:DIS
27.754167793953595,-1.6813236146492585,-25.909995064530925,-1.3659673659673692,111.5815,51.667520065774525,-1.2831280328480776,105.785,3440731,1788550464,2026-09-04T19:34:24Z,NYSE:DIS
27.754167793953595,-1.6813236146492585,-25.909995064530925,-1.3659673659673692,111.5815,51.667520065774525,-1.2831280328480776,105.785,3471843,1788550645,2026-09-04T19:37:25Z,NYSE:DIS
27.754167793953595,-1.688466471792097,-25.63166744849195,-1.3426573426573405,111.5815,51.73241608202267,-1.2597984322508349,105.81,3506850,1788550822,2026-09-04T19:40:22Z,NYSE:DIS
27.754167793953595,-1.6570379003635338,-26.85528050269807,-1.4452214452214425,111.5815,51.44808631929299,-1.3624486748786804,105.7,3532869,1788551005,2026-09-04T19:43:25Z,NYSE:DIS
27.754167793953595,-1.6598950432206865,-26.744152866133795,-1.4358974358974417,111.5815,51.47380526435335,-1.3531168346397937,105.71,3578878,1788551185,2026-09-04T19:46:25Z,NYSE:DIS
27.754167793953595,-1.6541807575063814,-26.9663861825584,-1.4545454545454566,111.5815,51.42239306239747,-1.37178051511758,105.69,3630241,1788551368,2026-09-04T19:49:28Z,NYSE:DIS
27.754167793953595,-1.6313236146492471,-27.854441960385003,-1.5291375291375298,111.5815,51.217767181211705,-1.4464352370287394,105.61,3662707,1788551541,2026-09-04T19:52:21Z,NYSE:DIS
27.754167793953595,-1.6041807575063984,-28.907188173879945,-1.6177156177156171,111.5815,50.97687919462938,-1.535087719298242,105.515,3705292,1788551725,2026-09-04T19:55:25Z,NYSE:DIS
27.754167793953595,-1.6070379003635225,-28.79646568534161,-1.608391608391603,111.5815,51.002129067781866,-1.5257558790593422,105.525,3745347,1788551900,2026-09-04T19:58:20Z,NYSE:DIS
27.754167793953595,-1.6084664717921129,-28.74109625027373,-1.6037296037296027,111.5815,51.01476338675912,-1.5210899589398987,105.53,3791767,1788552075,2026-09-04T20:01:15Z,NYSE:DIS
27.754167793953595,-1.6070379003635225,-28.79646568534161,-1.608391608391603,111.5815,51.002129067781866,-1.5257558790593422,105.525,3828154,1788552268,2026-09-04T20:04:28Z,NYSE:DIS
27.754167793953595,-1.564180757506378,-30.455013090766435,-1.7482517482517483,111.5815,50.62598802227933,-1.665733482642774,105.375,3908626,1788552441,2026-09-04T20:07:21Z,NYSE:DIS
27.754167793953595,-1.554180757506387,-30.841302642336693,-1.7808857808857776,111.5815,50.53901871478923,-1.6983949234789038,105.34,3989971,1788552620,2026-09-04T20:10:20Z,NYSE:DIS
27.754167793953595,-1.5427521860778055,-31.282450570463897,-1.8181818181818208,111.5815,50.43999038780419,-1.7357222844344902,105.3,4132675,1788552800,2026-09-04T20:13:20Z,NYSE:DIS
27.754167793953595,-1.5398950432206815,-31.39268329040345,-1.8275058275058216,111.5815,50.415293913982,-1.7450541246733766,105.29,4444863,1788552984,2026-09-04T20:16:24Z,NYSE:DIS
27.754167793953595,-1.5456093289349582,-31.172196152095605,-1.808857808857807,111.5815,50.46471106915124,-1.7263904441955902,105.31,5930911,1788553161,2026-09-04T20:19:21Z,NYSE:DIS
27.754167793953595,-1.5456093289349582,-31.172196152095605,-1.808857808857807,111.5815,50.46471106915124,-1.7263904441955902,105.31,5931027,1788553341,2026-09-04T20:22:21Z,NYSE:DIS
27.754167793953595,-1.5456093289349582,-31.172196152095605,-1.808857808857807,111.5815,50.46471106915124,-1.7263904441955902,105.31,5931703,1788553516,2026-09-04T20:25:16Z,NYSE:DIS
27.754167793953595,-1.5456093289349582,-31.172196152095605,-1.808857808857807,111.5815,50.46471106915124,-1.7263904441955902,105.31,5932823,1788553702,2026-09-04T20:28:22Z,NYSE:DIS
27.754167793953595,-1.5456093289349582,-31.172196152095605,-1.808857808857807,111.5815,50.46471106915124,-1.7263904441955902,105.31,5937075,1788553881,2026-09-04T20:31:21Z,NYSE:DIS
27.754167793953595,-1.5456093289349582,-31.172196152095605,-1.808857808857807,111.5815,50.46471106915124,-1.7263904441955902,105.31,5939989,1788554062,2026-09-04T20:34:22Z,NYSE:DIS
27.754167793953595,-1.5456093289349582,-31.172196152095605,-1.808857808857807,111.5815,50.46471106915124,-1.7263904441955902,105.31,5940402,1788554240,2026-09-04T20:37:20Z,NYSE:DIS
27.754167793953595,-1.5456093289349582,-31.172196152095605,-1.808857808857807,111.5815,50.46471106915124,-1.7263904441955902,105.31,5940503,1788554422,2026-09-04T20:40:22Z,NYSE:DIS
27.754167793953595,-1.5456093289349582,-31.172196152095605,-1.808857808857807,111.5815,50.46471106915124,-1.7263904441955902,105.31,5940508,1788554603,2026-09-04T20:43:23Z,NYSE:DIS
27.754167793953595,-1.5456093289349582,-31.172196152095605,-1.808857808857807,111.5815,50.46471106915124,-1.7263904441955902,105.31,5940540,1788554781,2026-09-04T20:46:21Z,NYSE:DIS
27.754167793953595,-1.5456093289349582,-31.172196152095605,-1.808857808857807,111.5815,50.46471106915124,-1.7263904441955902,105.31,5940648,1788554960,2026-09-04T20:49:20Z,NYSE:DIS
27.754167793953595,-1.5456093289349582,-31.172196152095605,-1.808857808857807,111.5815,50.46471106915124,-1.7263904441955902,105.31,5940756,1788555142,2026-09-04T20:52:22Z,NYSE:DIS
27.754167793953595,-1.5456093289349582,-31.172196152095605,-1.808857808857807,111.5815,50.46471106915124,-1.7263904441955902,105.31,5941460,1788555321,2026-09-04T20:55:21Z,NYSE:DIS
27.754167793953595,-1.5456093289349582,-31.172196152095605,-1.808857808857807,111.5815,50.46471106915124,-1.7263904441955902,105.31,5941867,1788555498,2026-09-04T20:58:18Z,NYSE:DIS
27.754167793953595,-1.5456093289349582,-31.172196152095605,-1.808857808857807,111.5815,50.46471106915124,-1.7263904441955902,105.31,5942869,1788555680,2026-09-04T21:01:20Z,NYSE:DIS
27.754167793953595,-1.5456093289349582,-31.172196152095605,-1.808857808857807,111.5815,50.46471106915124,-1.7263904441955902,105.31,5942939,1788555861,2026-09-04T21:04:21Z,NYSE:DIS
27.754167793953595,-1.5456093289349582,-31.172196152095605,-1.808857808857807,111.5815,50.46471106915124,-1.7263904441955902,105.31,5944022,1788556038,2026-09-04T21:07:18Z,NYSE:DIS
27.754167793953595,-1.5456093289349582,-31.172196152095605,-1.808857808857807,111.5815,50.46471106915124,-1.7263904441955902,105.31,5945012,1788556222,2026-09-04T21:10:22Z,NYSE:DIS
27.754167793953595,-1.5456093289349582,-31.172196152095605,-1.808857808857807,111.5815,50.46471106915124,-1.7263904441955902,105.31,5945911,1788556399,2026-09-04T21:13:19Z,NYSE:DIS
27.754167793953595,-1.5456093289349582,-31.172196152095605,-1.808857808857807,111.5815,50.46471106915124,-1.7263904441955902,105.31,5945977,1788556583,2026-09-04T21:16:23Z,NYSE:DIS
27.754167793953595,-1.5456093289349582,-31.172196152095605,-1.808857808857807,111.5815,50.46471106915124,-1.7263904441955902,105.31,5947053,1788556762,2026-09-04T21:19:22Z,NYSE:DIS
27.754167793953595,-1.5456093289349582,-31.172196152095605,-1.808857808857807,111.5815,50.46471106915124,-1.7263904441955902,105.31,5947691,1788556947,2026-09-04T21:22:27Z,NYSE:DIS
27.754167793953595,-1.5456093289349582,-31.172196152095605,-1.808857808857807,111.5815,50.46471106915124,-1.7263904441955902,105.31,5947708,1788557116,2026-09-04T21:25:16Z,NYSE:DIS
27.754167793953595,-1.5456093289349582,-31.172196152095605,-1.808857808857807,111.5815,50.46471106915124,-1.7263904441955902,105.31,5948621,1788557300,2026-09-04T21:28:20Z,NYSE:DIS
27.754167793953595,-1.5456093289349582,-31.172196152095605,-1.808857808857807,111.5815,50.46471106915124,-1.7263904441955902,105.31,5949678,1788557482,2026-09-04T21:31:22Z,NYSE:DIS
27.754167793953595,-1.5456093289349582,-31.172196152095605,-1.808857808857807,111.5815,50.46471106915124,-1.7263904441955902,105.31,5980150,1788557662,2026-09-04T21:34:22Z,NYSE:DIS
27.754167793953595,-1.5456093289349582,-31.172196152095605,-1.808857808857807,111.5815,50.46471106915124,-1.7263904441955902,105.31,5981237,1788557841,2026-09-04T21:37:21Z,NYSE:DIS
27.754167793953595,-1.5456093289349582,-31.172196152095605,-1.808857808857807,111.5815,50.46471106915124,-1.7263904441955902,105.31,5982115,1788558016,2026-09-04T21:40:16Z,NYSE:DIS
27.754167793953595,-1.5456093289349582,-31.172196152095605,-1.808857808857807,111.5815,50.46471106915124,-1.7263904441955902,105.31,5982175,1788558201,2026-09-04T21:43:21Z,NYSE:DIS
27.754167793953595,-1.5456093289349582,-31.172196152095605,-1.808857808857807,111.5815,50.46471106915124,-1.7263904441955902,105.31,5982851,1788558382,2026-09-04T21:46:22Z,NYSE:DIS
27.754167793953595,-1.5456093289349582,-31.172196152095605,-1.808857808857807,111.5815,50.46471106915124,-1.7263904441955902,105.31,5982861,1788558558,2026-09-04T21:49:18Z,NYSE:DIS
27.754167793953595,-1.5456093289349582,-31.172196152095605,-1.808857808857807,111.5815,50.46471106915124,-1.7263904441955902,105.31,6112015,1788783199,2026-09-07T12:13:19Z,NYSE:DIS
27.754167793953595,-1.5456093289349582,-31.172196152095605,-1.808857808857807,111.5815,50.46471106915124,-1.7263904441955902,105.31,6112015,1788783377,2026-09-07T12:16:17Z,NYSE:DIS
27.754167793953595,-1.5456093289349582,-31.172196152095605,-1.808857808857807,111.5815,50.46471106915124,-1.7263904441955902,105.31,6112015,1788783558,2026-09-07T12:19:18Z,NYSE:DIS
27.754167793953595,-1.5456093289349582,-31.172196152095605,-1.808857808857807,111.5815,50.46471106915124,-1.7263904441955902,105.31,6112015,1788783738,2026-09-07T12:22:18Z,NYSE:DIS
27.754167793953595,-1.5456093289349582,-31.172196152095605,-1.808857808857807,111.5815,50.46471106915124,-1.7263904441955902,105.31,6112015,1788783916,2026-09-07T12:25:16Z,NYSE:DIS
27.754167793953595,-1.5456093289349582,-31.172196152095605,-1.808857808857807,111.5815,50.46471106915124,-1.7263904441955902,105.31,6112015,1788784097,2026-09-07T12:28:17Z,NYSE:DIS
27.754167793953595,-1.5456093289349582,-31.172196152095605,-1.808857808857807,111.5815,50.46471106915124,-1.7263904441955902,105.31,6112015,1788784276,2026-09-07T12:31:16Z,NYSE:DIS
27.754167793953595,-1.5456093289349582,-31.172196152095605,-1.808857808857807,111.5815,50.46471106915124,-1.7263904441955902,105.31,6112015,1788784465,2026-09-07T12:34:25Z,NYSE:DIS
27.754167793953595,-1.5456093289349582,-31.172196152095605,-1.808857808857807,111.5815,50.46471106915124,-1.7263904441955902,105.31,6112015,1788784644,2026-09-07T12:37:24Z,NYSE:DIS
27.754167793953595,-1.5456093289349582,-31.172196152095605,-1.808857808857807,111.5815,50.46471106915124,-1.7263904441955902,105.31,6112015,1788784824,2026-09-07T12:40:24Z,NYSE:DIS
27.754167793953595,-1.5456093289349582,-31.172196152095605,-1.808857808857807,111.5815,50.46471106915124,-1.7263904441955902,105.31,6112015,1788784998,2026-09-07T12:43:18Z,NYSE:DIS
27.754167793953595,-1.5456093289349582,-31.172196152095605,-1.808857808857807,111.5815,50.46471106915124,-1.7263904441955902,105.31,6112015,1788785183,2026-09-07T12:46:23Z,NYSE:DIS
27.754167793953595,-1.5456093289349582,-31.172196152095605,-1.808857808857807,111.5815,50.46471106915124,-1.7263904441955902,105.31,6112015,1788785367,2026-09-07T12:49:27Z,NYSE:DIS
27.754167793953595,-1.5456093289349582,-31.172196152095605,-1.808857808857807,111.5815,50.46471106915124,-1.7263904441955902,105.31,6112015,1788785538,2026-09-07T12:52:18Z,NYSE:DIS
27.754167793953595,-1.5456093289349582,-31.172196152095605,-1.808857808857807,111.5815,50.46471106915124,-1.7263904441955902,105.31,6112015,1788785723,2026-09-07T12:55:23Z,NYSE:DIS
27.754167793953595,-1.5456093289349582,-31.172196152095605,-1.808857808857807,111.5815,50.46471106915124,-1.7263904441955902,105.31,6112015,1788785903,2026-09-07T12:58:23Z,NYSE:DIS
27.754167793953595,-1.5456093289349582,-31.172196152095605,-1.808857808857807,111.5815,50.46471106915124,-1.7263904441955902,105.31,6112015,1788786082,2026-09-07T13:01:22Z,NYSE:DIS
27.754167793953595,-1.5456093289349582,-31.172196152095605,-1.808857808857807,111.5815,50.46471106915124,-1.7263904441955902,105.31,6112015,1788786258,2026-09-07T13:04:18Z,NYSE:DIS
27.754167793953595,-1.5456093289349582,-31.172196152095605,-1.808857808857807,111.5815,50.46471106915124,-1.7263904441955902,105.31,6112015,1788786437,2026-09-07T13:07:17Z,NYSE:DIS
27.754167793953595,-1.5456093289349582,-31.172196152095605,-1.808857808857807,111.5815,50.46471106915124,-1.7263904441955902,105.31,6112015,1788786621,2026-09-07T13:10:21Z,NYSE:DIS
27.754167793953595,-1.5456093289349582,-31.172196152095605,-1.808857808857807,111.5815,50.46471106915124,-1.7263904441955902,105.31,6112015,1788786801,2026-09-07T13:13:21Z,NYSE:DIS
27.754167793953595,-1.5456093289349582,-31.172196152095605,-1.808857808857807,111.5815,50.46471106915124,-1.7263904441955902,105.31,6112015,1788786984,2026-09-07T13:16:24Z,NYSE:DIS
27.754167793953595,-1.5456093289349582,-31.172196152095605,-1.808857808857807,111.5815,50.46471106915124,-1.7263904441955902,105.31,6112015,1788787158,2026-09-07T13:19:18Z,NYSE:DIS
27.754167793953595,-1.5456093289349582,-31.172196152095605,-1.808857808857807,111.5815,50.46471106915124,-1.7263904441955902,105.31,6112015,1788787337,2026-09-07T13:22:17Z,NYSE:DIS
27.754167793953595,-1.5456093289349582,-31.172196152095605,-1.808857808857807,111.5815,50.46471106915124,-1.7263904441955902,105.31,6112015,1788787519,2026-09-07T13:25:19Z,NYSE:DIS
27.754167793953595,-1.5456093289349582,-31.172196152095605,-1.808857808857807,111.5815,50.46471106915124,-1.7263904441955902,105.31,6112015,1788787698,2026-09-07T13:28:18Z,NYSE:DIS
27.754167793953595,-1.5456093289349582,-31.172196152095605,-1.808857808857807,111.5815,50.46471106915124,-1.7263904441955902,105.31,6112015,1788787878,2026-09-07T13:31:18Z,NYSE:DIS
27.754167793953595,-1.5456093289349582,-31.172196152095605,-1.808857808857807,111.5815,50.46471106915124,-1.7263904441955902,105.31,6112015,1788788059,2026-09-07T13:34:19Z,NYSE:DIS
27.754167793953595,-1.5456093289349582,-31.172196152095605,-1.808857808857807,111.5815,50.46471106915124,-1.7263904441955902,105.31,6112015,1788788239,2026-09-07T13:37:19Z,NYSE:DIS
27.754167793953595,-1.5456093289349582,-31.172196152095605,-1.808857808857807,111.5815,50.46471106915124,-1.7263904441955902,105.31,6112015,1788788418,2026-09-07T13:40:18Z,NYSE:DIS
27.754167793953595,-1.5456093289349582,-31.172196152095605,-1.808857808857807,111.5815,50.46471106915124,-1.7263904441955902,105.31,6112015,1788788598,2026-09-07T13:43:18Z,NYSE:DIS
27.754167793953595,-1.5456093289349582,-31.172196152095605,-1.808857808857807,111.5815,50.46471106915124,-1.7263904441955902,105.31,6112015,1788788781,2026-09-07T13:46:21Z,NYSE:DIS
27.754167793953595,-1.5456093289349582,-31.172196152095605,-1.808857808857807,111.5815,50.46471106915124,-1.7263904441955902,105.31,6112015,1788788956,2026-09-07T13:49:16Z,NYSE:DIS
27.754167793953595,-1.5456093289349582,-31.172196152095605,-1.808857808857807,111.5815,50.46471106915124,-1.7263904441955902,105.31,6112015,1788789139,2026-09-07T13:52:19Z,NYSE:DIS
27.754167793953595,-1.5456093289349582,-31.172196152095605,-1.808857808857807,111.5815,50.46471106915124,-1.7263904441955902,105.31,6112015,1788789322,2026-09-07T13:55:22Z,NYSE:DIS
27.754167793953595,-1.5456093289349582,-31.172196152095605,-1.808857808857807,111.5815,50.46471106915124,-1.7263904441955902,105.31,6112015,1788789498,2026-09-07T13:58:18Z,NYSE:DIS
27.754167793953595,-1.5456093289349582,-31.172196152095605,-1.808857808857807,111.5815,50.46471106915124,-1.7263904441955902,105.31,6112015,1788789677,2026-09-07T14:01:17Z,NYSE:DIS
27.754167793953595,-1.5456093289349582,-31.172196152095605,-1.808857808857807,111.5815,50.46471106915124,-1.7263904441955902,105.31,6112015,1788789861,2026-09-07T14:04:21Z,NYSE:DIS
27.754167793953595,-1.5456093289349582,-31.172196152095605,-1.808857808857807,111.5815,50.46471106915124,-1.7263904441955902,105.31,6112015,1788790039,2026-09-07T14:07:19Z,NYSE:DIS
27.754167793953595,-1.5456093289349582,-31.172196152095605,-1.808857808857807,111.5815,50.46471106915124,-1.7263904441955902,105.31,6112015,1788790217,2026-09-07T14:10:17Z,NYSE:DIS
27.754167793953595,-1.5456093289349582,-31.172196152095605,-1.808857808857807,111.5815,50.46471106915124,-1.7263904441955902,105.31,6112015,1788790400,2026-09-07T14:13:20Z,NYSE:DIS
27.754167793953595,-1.5456093289349582,-31.172196152095605,-1.808857808857807,111.5815,50.46471106915124,-1.7263904441955902,105.31,6112015,1788790579,2026-09-07T14:16:19Z,NYSE:DIS
27.754167793953595,-1.5456093289349582,-31.172196152095605,-1.808857808857807,111.5815,50.46471106915124,-1.7263904441955902,105.31,6112015,1788790760,2026-09-07T14:19:20Z,NYSE:DIS
27.754167793953595,-1.5456093289349582,-31.172196152095605,-1.808857808857807,111.5815,50.46471106915124,-1.7263904441955902,105.31,6112015,1788790943,2026-09-07T14:22:23Z,NYSE:DIS
27.754167793953595,-1.5456093289349582,-31.172196152095605,-1.808857808857807,111.5815,50.46471106915124,-1.7263904441955902,105.31,6112015,1788791115,2026-09-07T14:25:15Z,NYSE:DIS
27.754167793953595,-1.5456093289349582,-31.172196152095605,-1.808857808857807,111.5815,50.46471106915124,-1.7263904441955902,105.31,6112015,1788791299,2026-09-07T14:28:19Z,NYSE:DIS
27.754167793953595,-1.5456093289349582,-31.172196152095605,-1.808857808857807,111.5815,50.46471106915124,-1.7263904441955902,105.31,6112015,1788791479,2026-09-07T14:31:19Z,NYSE:DIS
27.754167793953595,-1.5456093289349582,-31.172196152095605,-1.808857808857807,111.5815,50.46471106915124,-1.7263904441955902,105.31,6112015,1788791657,2026-09-07T14:34:17Z,NYSE:DIS
27.754167793953595,-1.5456093289349582,-31.172196152095605,-1.808857808857807,111.5815,50.46471106915124,-1.7263904441955902,105.31,6112015,1788791838,2026-09-07T14:37:18Z,NYSE:DIS
27.754167793953595,-1.5456093289349582,-31.172196152095605,-1.808857808857807,111.5815,50.46471106915124,-1.7263904441955902,105.31,6112015,1788792021,2026-09-07T14:40:21Z,NYSE:DIS
27.754167793953595,-1.5456093289349582,-31.172196152095605,-1.808857808857807,111.5815,50.46471106915124,-1.7263904441955902,105.31,6112015,1788792199,2026-09-07T14:43:19Z,NYSE:DIS
27.754167793953595,-1.5456093289349582,-31.172196152095605,-1.808857808857807,111.5815,50.46471106915124,-1.7263904441955902,105.31,6112015,1788792379,2026-09-07T14:46:19Z,NYSE:DIS
27.754167793953595,-1.5456093289349582,-31.172196152095605,-1.808857808857807,111.5815,50.46471106915124,-1.7263904441955902,105.31,6112015,1788792560,2026-09-07T14:49:20Z,NYSE:DIS
27.754167793953595,-1.5456093289349582,-31.172196152095605,-1.808857808857807,111.5815,50.46471106915124,-1.7263904441955902,105.31,6112015,1788792741,2026-09-07T14:52:21Z,NYSE:DIS
27.754167793953595,-1.5456093289349582,-31.172196152095605,-1.808857808857807,111.5815,50.46471106915124,-1.7263904441955902,105.31,6112015,1788792924,2026-09-07T14:55:24Z,NYSE:DIS
27.754167793953595,-1.5456093289349582,-31.172196152095605,-1.808857808857807,111.5815,50.46471106915124,-1.7263904441955902,105.31,6112015,1788793096,2026-09-07T14:58:16Z,NYSE:DIS
27.754167793953595,-1.5456093289349582,-31.172196152095605,-1.808857808857807,111.5815,50.46471106915124,-1.7263904441955902,105.31,6112015,1788793281,2026-09-07T15:01:21Z,NYSE:DIS
27.754167793953595,-1.5456093289349582,-31.172196152095605,-1.808857808857807,111.5815,50.46471106915124,-1.7263904441955902,105.31,6112015,1788793461,2026-09-07T15:04:21Z,NYSE:DIS
27.754167793953595,-1.5456093289349582,-31.172196152095605,-1.808857808857807,111.5815,50.46471106915124,-1.7263904441955902,105.31,6112015,1788793637,2026-09-07T15:07:17Z,NYSE:DIS
27.754167793953595,-1.5456093289349582,-31.172196152095605,-1.808857808857807,111.5815,50.46471106915124,-1.7263904441955902,105.31,6112015,1788793816,2026-09-07T15:10:16Z,NYSE:DIS
27.754167793953595,-1.5456093289349582,-31.172196152095605,-1.808857808857807,111.5815,50.46471106915124,-1.7263904441955902,105.31,6112015,1788794002,2026-09-07T15:13:22Z,NYSE:DIS
27.754167793953595,-1.5456093289349582,-31.172196152095605,-1.808857808857807,111.5815,50.46471106915124,-1.7263904441955902,105.31,6112015,1788794178,2026-09-07T15:16:18Z,NYSE:DIS
27.754167793953595,-1.5456093289349582,-31.172196152095605,-1.808857808857807,111.5815,50.46471106915124,-1.7263904441955902,105.31,6112015,1788794365,2026-09-07T15:19:25Z,NYSE:DIS
27.754167793953595,-1.5456093289349582,-31.172196152095605,-1.808857808857807,111.5815,50.46471106915124,-1.7263904441955902,105.31,6112015,1788794540,2026-09-07T15:22:20Z,NYSE:DIS
27.754167793953595,-1.5456093289349582,-31.172196152095605,-1.808857808857807,111.5815,50.46471106915124,-1.7263904441955902,105.31,6112015,1788794715,2026-09-07T15:25:15Z,NYSE:DIS
27.754167793953595,-1.5456093289349582,-31.172196152095605,-1.808857808857807,111.5815,50.46471106915124,-1.7263904441955902,105.31,6112015,1788794900,2026-09-07T15:28:20Z,NYSE:DIS
27.754167793953595,-1.5456093289349582,-31.172196152095605,-1.808857808857807,111.5815,50.46471106915124,-1.7263904441955902,105.31,6112015,1788795080,2026-09-07T15:31:20Z,NYSE:DIS
27.754167793953595,-1.5456093289349582,-31.172196152095605,-1.808857808857807,111.5815,50.46471106915124,-1.7263904441955902,105.31,6112015,1788795267,2026-09-07T15:34:27Z,NYSE:DIS
27.754167793953595,-1.5456093289349582,-31.172196152095605,-1.808857808857807,111.5815,50.46471106915124,-1.7263904441955902,105.31,6112015,1788795441,2026-09-07T15:37:21Z,NYSE:DIS
27.754167793953595,-1.5456093289349582,-31.172196152095605,-1.808857808857807,111.5815,50.46471106915124,-1.7263904441955902,105.31,6112015,1788795620,2026-09-07T15:40:20Z,NYSE:DIS
27.754167793953595,-1.5456093289349582,-31.172196152095605,-1.808857808857807,111.5815,50.46471106915124,-1.7263904441955902,105.31,6112015,1788795802,2026-09-07T15:43:22Z,NYSE:DIS
27.754167793953595,-1.5456093289349582,-31.172196152095605,-1.808857808857807,111.5815,50.46471106915124,-1.7263904441955902,105.31,6112015,1788795977,2026-09-07T15:46:17Z,NYSE:DIS
27.754167793953595,-1.5456093289349582,-31.172196152095605,-1.808857808857807,111.5815,50.46471106915124,-1.7263904441955902,105.31,6112015,1788796160,2026-09-07T15:49:20Z,NYSE:DIS
27.754167793953595,-1.5456093289349582,-31.172196152095605,-1.808857808857807,111.5815,50.46471106915124,-1.7263904441955902,105.31,6112015,1788796342,2026-09-07T15:52:22Z,NYSE:DIS
27.754167793953595,-1.5456093289349582,-31.172196152095605,-1.808857808857807,111.5815,50.46471106915124,-1.7263904441955902,105.31,6112015,1788796523,2026-09-07T15:55:23Z,NYSE:DIS
27.754167793953595,-1.5456093289349582,-31.172196152095605,-1.808857808857807,111.5815,50.46471106915124,-1.7263904441955902,105.31,6112015,1788796701,2026-09-07T15:58:21Z,NYSE:DIS
27.754167793953595,-1.5456093289349582,-31.172196152095605,-1.808857808857807,111.5815,50.46471106915124,-1.7263904441955902,105.31,6112015,1788796887,2026-09-07T16:01:27Z,NYSE:DIS
27.754167793953595,-1.5456093289349582,-31.172196152095605,-1.808857808857807,111.5815,50.46471106915124,-1.7263904441955902,105.31,6112015,1788797059,2026-09-07T16:04:19Z,NYSE:DIS
27.754167793953595,-1.5456093289349582,-31.172196152095605,-1.808857808857807,111.5815,50.46471106915124,-1.7263904441955902,105.31,6112015,1788797241,2026-09-07T16:07:21Z,NYSE:DIS
27.754167793953595,-1.5456093289349582,-31.172196152095605,-1.808857808857807,111.5815,50.46471106915124,-1.7263904441955902,105.31,6112015,1788797423,2026-09-07T16:10:23Z,NYSE:DIS
27.754167793953595,-1.5456093289349582,-31.172196152095605,-1.808857808857807,111.5815,50.46471106915124,-1.7263904441955902,105.31,6112015,1788797600,2026-09-07T16:13:20Z,NYSE:DIS
27.754167793953595,-1.5456093289349582,-31.172196152095605,-1.808857808857807,111.5815,50.46471106915124,-1.7263904441955902,105.31,6112015,1788797780,2026-09-07T16:16:20Z,NYSE:DIS
27.754167793953595,-1.5456093289349582,-31.172196152095605,-1.808857808857807,111.5815,50.46471106915124,-1.7263904441955902,105.31,6112015,1788797959,2026-09-07T16:19:19Z,NYSE:DIS
27.754167793953595,-1.5456093289349582,-31.172196152095605,-1.808857808857807,111.5815,50.46471106915124,-1.7263904441955902,105.31,6112015,1788798141,2026-09-07T16:22:21Z,NYSE:DIS
27.754167793953595,-1.5456093289349582,-31.172196152095605,-1.808857808857807,111.5815,50.46471106915124,-1.7263904441955902,105.31,6112015,1788798320,2026-09-07T16:25:20Z,NYSE:DIS
27.754167793953595,-1.5456093289349582,-31.172196152095605,-1.808857808857807,111.5815,50.46471106915124,-1.7263904441955902,105.31,6112015,1788798498,2026-09-07T16:28:18Z,NYSE:DIS
27.754167793953595,-1.5456093289349582,-31.172196152095605,-1.808857808857807,111.5815,50.46471106915124,-1.7263904441955902,105.31,6112015,1788798684,2026-09-07T16:31:24Z,NYSE:DIS
27.754167793953595,-1.5456093289349582,-31.172196152095605,-1.808857808857807,111.5815,50.46471106915124,-1.7263904441955902,105.31,6112015,1788798858,2026-09-07T16:34:18Z,NYSE:DIS
27.754167793953595,-1.5456093289349582,-31.172196152095605,-1.808857808857807,111.5815,50.46471106915124,-1.7263904441955902,105.31,6112015,1788799041,2026-09-07T16:37:21Z,NYSE:DIS
27.754167793953595,-1.5456093289349582,-31.172196152095605,-1.808857808857807,111.5815,50.46471106915124,-1.7263904441955902,105.31,6112015,1788799218,2026-09-07T16:40:18Z,NYSE:DIS
27.754167793953595,-1.5456093289349582,-31.172196152095605,-1.808857808857807,111.5815,50.46471106915124,-1.7263904441955902,105.31,6112015,1788799403,2026-09-07T16:43:23Z,NYSE:DIS
27.754167793953595,-1.5456093289349582,-31.172196152095605,-1.808857808857807,111.5815,50.46471106915124,-1.7263904441955902,105.31,6112015,1788799579,2026-09-07T16:46:19Z,NYSE:DIS
27.754167793953595,-1.5456093289349582,-31.172196152095605,-1.808857808857807,111.5815,50.46471106915124,-1.7263904441955902,105.31,6112015,1788799768,2026-09-07T16:49:28Z,NYSE:DIS
27.754167793953595,-1.5456093289349582,-31.172196152095605,-1.808857808857807,111.5815,50.46471106915124,-1.7263904441955902,105.31,6112015,1788799945,2026-09-07T16:52:25Z,NYSE:DIS
27.754167793953595,-1.5456093289349582,-31.172196152095605,-1.808857808857807,111.5815,50.46471106915124,-1.7263904441955902,105.31,6112015,1788800122,2026-09-07T16:55:22Z,NYSE:DIS
27.754167793953595,-1.5456093289349582,-31.172196152095605,-1.808857808857807,111.5815,50.46471106915124,-1.7263904441955902,105.31,6112015,1788800301,2026-09-07T16:58:21Z,NYSE:DIS
27.754167793953595,-1.5456093289349582,-31.172196152095605,-1.808857808857807,111.5815,50.46471106915124,-1.7263904441955902,105.31,6112015,1788800479,2026-09-07T17:01:19Z,NYSE:DIS
27.754167793953595,-1.5456093289349582,-31.172196152095605,-1.808857808857807,111.5815,50.46471106915124,-1.7263904441955902,105.31,6112015,1788800661,2026-09-07T17:04:21Z,NYSE:DIS
27.754167793953595,-1.5456093289349582,-31.172196152095605,-1.808857808857807,111.5815,50.46471106915124,-1.7263904441955902,105.31,6112015,1788800836,2026-09-07T17:07:16Z,NYSE:DIS
27.754167793953595,-1.5456093289349582,-31.172196152095605,-1.808857808857807,111.5815,50.46471106915124,-1.7263904441955902,105.31,6112015,1788801019,2026-09-07T17:10:19Z,NYSE:DIS
27.754167793953595,-1.5456093289349582,-31.172196152095605,-1.808857808857807,111.5815,50.46471106915124,-1.7263904441955902,105.31,6112015,1788801199,2026-09-07T17:13:19Z,NYSE:DIS
27.754167793953595,-1.5456093289349582,-31.172196152095605,-1.808857808857807,111.5815,50.46471106915124,-1.7263904441955902,105.31,6112015,1788801380,2026-09-07T17:16:20Z,NYSE:DIS
27.754167793953595,-1.5456093289349582,-31.172196152095605,-1.808857808857807,111.5815,50.46471106915124,-1.7263904441955902,105.31,6112015,1788801559,2026-09-07T17:19:19Z,NYSE:DIS
27.754167793953595,-1.5456093289349582,-31.172196152095605,-1.808857808857807,111.5815,50.46471106915124,-1.7263904441955902,105.31,6112015,1788801740,2026-09-07T17:22:20Z,NYSE:DIS
27.754167793953595,-1.5456093289349582,-31.172196152095605,-1.808857808857807,111.5815,50.46471106915124,-1.7263904441955902,105.31,6112015,1788801919,2026-09-07T17:25:19Z,NYSE:DIS
27.754167793953595,-1.5456093289349582,-31.172196152095605,-1.808857808857807,111.5815,50.46471106915124,-1.7263904441955902,105.31,6112015,1788802101,2026-09-07T17:28:21Z,NYSE:DIS
27.754167793953595,-1.5456093289349582,-31.172196152095605,-1.808857808857807,111.5815,50.46471106915124,-1.7263904441955902,105.31,6112015,1788802277,2026-09-07T17:31:17Z,NYSE:DIS
27.754167793953595,-1.5456093289349582,-31.172196152095605,-1.808857808857807,111.5815,50.46471106915124,-1.7263904441955902,105.31,6112015,1788802455,2026-09-07T17:34:15Z,NYSE:DIS
27.754167793953595,-1.5456093289349582,-31.172196152095605,-1.808857808857807,111.5815,50.46471106915124,-1.7263904441955902,105.31,6112015,1788802640,2026-09-07T17:37:20Z,NYSE:DIS
27.754167793953595,-1.5456093289349582,-31.172196152095605,-1.808857808857807,111.5815,50.46471106915124,-1.7263904441955902,105.31,6112015,1788802820,2026-09-07T17:40:20Z,NYSE:DIS
27.754167793953595,-1.5456093289349582,-31.172196152095605,-1.808857808857807,111.5815,50.46471106915124,-1.7263904441955902,105.31,6112015,1788802997,2026-09-07T17:43:17Z,NYSE:DIS
27.754167793953595,-1.5456093289349582,-31.172196152095605,-1.808857808857807,111.5815,50.46471106915124,-1.7263904441955902,105.31,6112015,1788803176,2026-09-07T17:46:16Z,NYSE:DIS
27.754167793953595,-1.5456093289349582,-31.172196152095605,-1.808857808857807,111.5815,50.46471106915124,-1.7263904441955902,105.31,6112015,1788803363,2026-09-07T17:49:23Z,NYSE:DIS
27.754167793953595,-1.5456093289349582,-31.172196152095605,-1.808857808857807,111.5815,50.46471106915124,-1.7263904441955902,105.31,6112015,1788803538,2026-09-07T17:52:18Z,NYSE:DIS
27.754167793953595,-1.5456093289349582,-31.172196152095605,-1.808857808857807,111.5815,50.46471106915124,-1.7263904441955902,105.31,6112015,1788803719,2026-09-07T17:55:19Z,NYSE:DIS
27.754167793953595,-1.5456093289349582,-31.172196152095605,-1.808857808857807,111.5815,50.46471106915124,-1.7263904441955902,105.31,6112015,1788803898,2026-09-07T17:58:18Z,NYSE:DIS
27.754167793953595,-1.5456093289349582,-31.172196152095605,-1.808857808857807,111.5815,50.46471106915124,-1.7263904441955902,105.31,6112015,1788804078,2026-09-07T18:01:18Z,NYSE:DIS
27.754167793953595,-1.5456093289349582,-31.172196152095605,-1.808857808857807,111.5815,50.46471106915124,-1.7263904441955902,105.31,6112015,1788804258,2026-09-07T18:04:18Z,NYSE:DIS
27.754167793953595,-1.5456093289349582,-31.172196152095605,-1.808857808857807,111.5815,50.46471106915124,-1.7263904441955902,105.31,6112015,1788804437,2026-09-07T18:07:17Z,NYSE:DIS
27.754167793953595,-1.5456093289349582,-31.172196152095605,-1.808857808857807,111.5815,50.46471106915124,-1.7263904441955902,105.31,6112015,1788804622,2026-09-07T18:10:22Z,NYSE:DIS
27.754167793953595,-1.5456093289349582,-31.172196152095605,-1.808857808857807,111.5815,50.46471106915124,-1.7263904441955902,105.31,6112015,1788804797,2026-09-07T18:13:17Z,NYSE:DIS
27.754167793953595,-1.5456093289349582,-31.172196152095605,-1.808857808857807,111.5815,50.46471106915124,-1.7263904441955902,105.31,6112015,1788804980,2026-09-07T18:16:20Z,NYSE:DIS
27.754167793953595,-1.5456093289349582,-31.172196152095605,-1.808857808857807,111.5815,50.46471106915124,-1.7263904441955902,105.31,6112015,1788805158,2026-09-07T18:19:18Z,NYSE:DIS
27.754167793953595,-1.5456093289349582,-31.172196152095605,-1.808857808857807,111.5815,50.46471106915124,-1.7263904441955902,105.31,6112015,1788805339,2026-09-07T18:22:19Z,NYSE:DIS
27.754167793953595,-1.5456093289349582,-31.172196152095605,-1.808857808857807,111.5815,50.46471106915124,-1.7263904441955902,105.31,6112015,1788805522,2026-09-07T18:25:22Z,NYSE:DIS
27.754167793953595,-1.5456093289349582,-31.172196152095605,-1.808857808857807,111.5815,50.46471106915124,-1.7263904441955902,105.31,6112015,1788805701,2026-09-07T18:28:21Z,NYSE:DIS
27.754167793953595,-1.5456093289349582,-31.172196152095605,-1.808857808857807,111.5815,50.46471106915124,-1.7263904441955902,105.31,6112015,1788805879,2026-09-07T18:31:19Z,NYSE:DIS
27.754167793953595,-1.5456093289349582,-31.172196152095605,-1.808857808857807,111.5815,50.46471106915124,-1.7263904441955902,105.31,6112015,1788806067,2026-09-07T18:34:27Z,NYSE:DIS
27.754167793953595,-1.5456093289349582,-31.172196152095605,-1.808857808857807,111.5815,50.46471106915124,-1.7263904441955902,105.31,6112015,1788806241,2026-09-07T18:37:21Z,NYSE:DIS
27.754167793953595,-1.5456093289349582,-31.172196152095605,-1.808857808857807,111.5815,50.46471106915124,-1.7263904441955902,105.31,6112015,1788806421,2026-09-07T18:40:21Z,NYSE:DIS
27.754167793953595,-1.5456093289349582,-31.172196152095605,-1.808857808857807,111.5815,50.46471106915124,-1.7263904441955902,105.31,6112015,1788806598,2026-09-07T18:43:18Z,NYSE:DIS
27.754167793953595,-1.5456093289349582,-31.172196152095605,-1.808857808857807,111.5815,50.46471106915124,-1.7263904441955902,105.31,6112015,1788806778,2026-09-07T18:46:18Z,NYSE:DIS
27.754167793953595,-1.5456093289349582,-31.172196152095605,-1.808857808857807,111.5815,50.46471106915124,-1.7263904441955902,105.31,6112015,1788806962,2026-09-07T18:49:22Z,NYSE:DIS
27.754167793953595,-1.5456093289349582,-31.172196152095605,-1.808857808857807,111.5815,50.46471106915124,-1.7263904441955902,105.31,6112015,1788807136,2026-09-07T18:52:16Z,NYSE:DIS
27.754167793953595,-1.5456093289349582,-31.172196152095605,-1.808857808857807,111.5815,50.46471106915124,-1.7263904441955902,105.31,6112015,1788807320,2026-09-07T18:55:20Z,NYSE:DIS
27.754167793953595,-1.5456093289349582,-31.172196152095605,-1.808857808857807,111.5815,50.46471106915124,-1.7263904441955902,105.31,6112015,1788807494,2026-09-07T18:58:14Z,NYSE:DIS
27.754167793953595,-1.5456093289349582,-31.172196152095605,-1.808857808857807,111.5815,50.46471106915124,-1.7263904441955902,105.31,6112015,1788807678,2026-09-07T19:01:18Z,NYSE:DIS
27.754167793953595,-1.5456093289349582,-31.172196152095605,-1.808857808857807,111.5815,50.46471106915124,-1.7263904441955902,105.31,6112015,1788807861,2026-09-07T19:04:21Z,NYSE:DIS
27.754167793953595,-1.5456093289349582,-31.172196152095605,-1.808857808857807,111.5815,50.46471106915124,-1.7263904441955902,105.31,6112015,1788808043,2026-09-07T19:07:23Z,NYSE:DIS
27.754167793953595,-1.5456093289349582,-31.172196152095605,-1.808857808857807,111.5815,50.46471106915124,-1.7263904441955902,105.31,6112015,1788808216,2026-09-07T19:10:16Z,NYSE:DIS
27.754167793953595,-1.5456093289349582,-31.172196152095605,-1.808857808857807,111.5815,50.46471106915124,-1.7263904441955902,105.31,6112015,1788808400,2026-09-07T19:13:20Z,NYSE:DIS
27.754167793953595,-1.5456093289349582,-31.172196152095605,-1.808857808857807,111.5815,50.46471106915124,-1.7263904441955902,105.31,6112015,1788808579,2026-09-07T19:16:19Z,NYSE:DIS
27.754167793953595,-1.5456093289349582,-31.172196152095605,-1.808857808857807,111.5815,50.46471106915124,-1.7263904441955902,105.31,6112015,1788808759,2026-09-07T19:19:19Z,NYSE:DIS
27.754167793953595,-1.5456093289349582,-31.172196152095605,-1.808857808857807,111.5815,50.46471106915124,-1.7263904441955902,105.31,6112015,1788808941,2026-09-07T19:22:21Z,NYSE:DIS
27.754167793953595,-1.5456093289349582,-31.172196152095605,-1.808857808857807,111.5815,50.46471106915124,-1.7263904441955902,105.31,6112015,1788809120,2026-09-07T19:25:20Z,NYSE:DIS
27.754167793953595,-1.5456093289349582,-31.172196152095605,-1.808857808857807,111.5815,50.46471106915124,-1.7263904441955902,105.31,6112015,1788809297,2026-09-07T19:28:17Z,NYSE:DIS
27.754167793953595,-1.5456093289349582,-31.172196152095605,-1.808857808857807,111.5815,50.46471106915124,-1.7263904441955902,105.31,6112015,1788809479,2026-09-07T19:31:19Z,NYSE:DIS
27.754167793953595,-1.5456093289349582,-31.172196152095605,-1.808857808857807,111.5815,50.46471106915124,-1.7263904441955902,105.31,6112015,1788809658,2026-09-07T19:34:18Z,NYSE:DIS
27.754167793953595,-1.5456093289349582,-31.172196152095605,-1.808857808857807,111.5815,50.46471106915124,-1.7263904441955902,105.31,6112015,1788809840,2026-09-07T19:37:20Z,NYSE:DIS
27.754167793953595,-1.5456093289349582,-31.172196152095605,-1.808857808857807,111.5815,50.46471106915124,-1.7263904441955902,105.31,6112015,1788810019,2026-09-07T19:40:19Z,NYSE:DIS
27.754167793953595,-1.5456093289349582,-31.172196152095605,-1.808857808857807,111.5815,50.46471106915124,-1.7263904441955902,105.31,6112015,1788810198,2026-09-07T19:43:18Z,NYSE:DIS
27.754167793953595,-1.5456093289349582,-31.172196152095605,-1.808857808857807,111.5815,50.46471106915124,-1.7263904441955902,105.31,6112015,1788810380,2026-09-07T19:46:20Z,NYSE:DIS
27.754167793953595,-1.5456093289349582,-31.172196152095605,-1.808857808857807,111.5815,50.46471106915124,-1.7263904441955902,105.31,6112015,1788810559,2026-09-07T19:49:19Z,NYSE:DIS
27.754167793953595,-1.5456093289349582,-31.172196152095605,-1.808857808857807,111.5815,50.46471106915124,-1.7263904441955902,105.31,6112015,1788810739,2026-09-07T19:52:19Z,NYSE:DIS
27.754167793953595,-1.5456093289349582,-31.172196152095605,-1.808857808857807,111.5815,50.46471106915124,-1.7263904441955902,105.31,6112015,1788810917,2026-09-07T19:55:17Z,NYSE:DIS
27.754167793953595,-1.5456093289349582,-31.172196152095605,-1.808857808857807,111.5815,50.46471106915124,-1.7263904441955902,105.31,6112015,1788811100,2026-09-07T19:58:20Z,NYSE:DIS
27.754167793953595,-1.5456093289349582,-31.172196152095605,-1.808857808857807,111.5815,50.46471106915124,-1.7263904441955902,105.31,6112015,1788811282,2026-09-07T20:01:22Z,NYSE:DIS
27.754167793953595,-1.5456093289349582,-31.172196152095605,-1.808857808857807,111.5815,50.46471106915124,-1.7263904441955902,105.31,6112015,1788811463,2026-09-07T20:04:23Z,NYSE:DIS
27.754167793953595,-1.5456093289349582,-31.172196152095605,-1.808857808857807,111.5815,50.46471106915124,-1.7263904441955902,105.31,6112015,1788811639,2026-09-07T20:07:19Z,NYSE:DIS
27.754167793953595,-1.5456093289349582,-31.172196152095605,-1.808857808857807,111.5815,50.46471106915124,-1.7263904441955902,105.31,6112015,1788811814,2026-09-07T20:10:14Z,NYSE:DIS
27.754167793953595,-1.5456093289349582,-31.172196152095605,-1.808857808857807,111.5815,50.46471106915124,-1.7263904441955902,105.31,6112015,1788811999,2026-09-07T20:13:19Z,NYSE:DIS
27.754167793953595,-1.5456093289349582,-31.172196152095605,-1.808857808857807,111.5815,50.46471106915124,-1.7263904441955902,105.31,6112015,1788812179,2026-09-07T20:16:19Z,NYSE:DIS
27.754167793953595,-1.5456093289349582,-31.172196152095605,-1.808857808857807,111.5815,50.46471106915124,-1.7263904441955902,105.31,6112015,1788812356,2026-09-07T20:19:16Z,NYSE:DIS
27.754167793953595,-1.5456093289349582,-31.172196152095605,-1.808857808857807,111.5815,50.46471106915124,-1.7263904441955902,105.31,6112015,1788812540,2026-09-07T20:22:20Z,NYSE:DIS
27.754167793953595,-1.5456093289349582,-31.172196152095605,-1.808857808857807,111.5815,50.46471106915124,-1.7263904441955902,105.31,6112015,1788812718,2026-09-07T20:25:18Z,NYSE:DIS
27.754167793953595,-1.5456093289349582,-31.172196152095605,-1.808857808857807,111.5815,50.46471106915124,-1.7263904441955902,105.31,6112015,1788812895,2026-09-07T20:28:15Z,NYSE:DIS
27.754167793953595,-1.5456093289349582,-31.172196152095605,-1.808857808857807,111.5815,50.46471106915124,-1.7263904441955902,105.31,6112015,1788813079,2026-09-07T20:31:19Z,NYSE:DIS
27.754167793953595,-1.5456093289349582,-31.172196152095605,-1.808857808857807,111.5815,50.46471106915124,-1.7263904441955902,105.31,6112015,1788813259,2026-09-07T20:34:19Z,NYSE:DIS
27.754167793953595,-1.5456093289349582,-31.172196152095605,-1.808857808857807,111.5815,50.46471106915124,-1.7263904441955902,105.31,6112015,1788813437,2026-09-07T20:37:17Z,NYSE:DIS
27.754167793953595,-1.5456093289349582,-31.172196152095605,-1.808857808857807,111.5815,50.46471106915124,-1.7263904441955902,105.31,6112015,1788813619,2026-09-07T20:40:19Z,NYSE:DIS
27.754167793953595,-1.5456093289349582,-31.172196152095605,-1.808857808857807,111.5815,50.46471106915124,-1.7263904441955902,105.31,6112015,1788813799,2026-09-07T20:43:19Z,NYSE:DIS
27.754167793953595,-1.5456093289349582,-31.172196152095605,-1.808857808857807,111.5815,50.46471106915124,-1.7263904441955902,105.31,6112015,1788813976,2026-09-07T20:46:16Z,NYSE:DIS
27.754167793953595,-1.5456093289349582,-31.172196152095605,-1.808857808857807,111.5815,50.46471106915124,-1.7263904441955902,105.31,6112015,1788814161,2026-09-07T20:49:21Z,NYSE:DIS
27.754167793953595,-1.5456093289349582,-31.172196152095605,-1.808857808857807,111.5815,50.46471106915124,-1.7263904441955902,105.31,6112015,1788814340,2026-09-07T20:52:20Z,NYSE:DIS
27.754167793953595,-1.5456093289349582,-31.172196152095605,-1.808857808857807,111.5815,50.46471106915124,-1.7263904441955902,105.31,6112015,1788814515,2026-09-07T20:55:15Z,NYSE:DIS
27.754167793953595,-1.5456093289349582,-31.172196152095605,-1.808857808857807,111.5815,50.46471106915124,-1.7263904441955902,105.31,6112015,1788814697,2026-09-07T20:58:17Z,NYSE:DIS
27.754167793953595,-1.5456093289349582,-31.172196152095605,-1.808857808857807,111.5815,50.46471106915124,-1.7263904441955902,105.31,6112015,1788814879,2026-09-07T21:01:19Z,NYSE:DIS
27.754167793953595,-1.5456093289349582,-31.172196152095605,-1.808857808857807,111.5815,50.46471106915124,-1.7263904441955902,105.31,6112015,1788815061,2026-09-07T21:04:21Z,NYSE:DIS
27.754167793953595,-1.5456093289349582,-31.172196152095605,-1.808857808857807,111.5815,50.46471106915124,-1.7263904441955902,105.31,6112015,1788815240,2026-09-07T21:07:20Z,NYSE:DIS
27.754167793953595,-1.5456093289349582,-31.172196152095605,-1.808857808857807,111.5815,50.46471106915124,-1.7263904441955902,105.31,6112015,1788815418,2026-09-07T21:10:18Z,NYSE:DIS
27.754167793953595,-1.5456093289349582,-31.172196152095605,-1.808857808857807,111.5815,50.46471106915124,-1.7263904441955902,105.31,6112015,1788815595,2026-09-07T21:13:15Z,NYSE:DIS
27.754167793953595,-1.5456093289349582,-31.172196152095605,-1.808857808857807,111.5815,50.46471106915124,-1.7263904441955902,105.31,6112015,1788815781,2026-09-07T21:16:21Z,NYSE:DIS
27.754167793953595,-1.5456093289349582,-31.172196152095605,-1.808857808857807,111.5815,50.46471106915124,-1.7263904441955902,105.31,6112015,1788815959,2026-09-07T21:19:19Z,NYSE:DIS
27.754167793953595,-1.5456093289349582,-31.172196152095605,-1.808857808857807,111.5815,50.46471106915124,-1.7263904441955902,105.31,6112015,1788816138,2026-09-07T21:22:18Z,NYSE:DIS
27.754167793953595,-1.5456093289349582,-31.172196152095605,-1.808857808857807,111.5815,50.46471106915124,-1.7263904441955902,105.31,6112015,1788816323,2026-09-07T21:25:23Z,NYSE:DIS
27.754167793953595,-1.5456093289349582,-31.172196152095605,-1.808857808857807,111.5815,50.46471106915124,-1.7263904441955902,105.31,6112015,1788816498,2026-09-07T21:28:18Z,NYSE:DIS
27.754167793953595,-1.5456093289349582,-31.172196152095605,-1.808857808857807,111.5815,50.46471106915124,-1.7263904441955902,105.31,6112015,1788816679,2026-09-07T21:31:19Z,NYSE:DIS
27.754167793953595,-1.5456093289349582,-31.172196152095605,-1.808857808857807,111.5815,50.46471106915124,-1.7263904441955902,105.31,6112015,1788816859,2026-09-07T21:34:19Z,NYSE:DIS
27.754167793953595,-1.5456093289349582,-31.172196152095605,-1.808857808857807,111.5815,50.46471106915124,-1.7263904441955902,105.31,6112015,1788817035,2026-09-07T21:37:15Z,NYSE:DIS
27.754167793953595,-1.5456093289349582,-31.172196152095605,-1.808857808857807,111.5815,50.46471106915124,-1.7263904441955902,105.31,6112015,1788817218,2026-09-07T21:40:18Z,NYSE:DIS
27.754167793953595,-1.5456093289349582,-31.172196152095605,-1.808857808857807,111.5815,50.46471106915124,-1.7263904441955902,105.31,6112015,1788817399,2026-09-07T21:43:19Z,NYSE:DIS
27.754167793953595,-1.5456093289349582,-31.172196152095605,-1.808857808857807,111.5815,50.46471106915124,-1.7263904441955902,105.31,6112015,1788817575,2026-09-07T21:46:15Z,NYSE:DIS
27.754167793953595,-1.5456093289349582,-31.172196152095605,-1.808857808857807,111.5815,50.46471106915124,-1.7263904441955902,105.31,6112015,1788817760,2026-09-07T21:49:20Z,NYSE:DIS
27.754167793953595,-1.5456093289349582,-31.172196152095605,-1.808857808857807,111.5815,50.46471106915124,-1.7263904441955902,105.31,6112015,1788817941,2026-09-07T21:52:21Z,NYSE:DIS
27.754167793953595,-1.5456093289349582,-31.172196152095605,-1.808857808857807,111.5815,50.46471106915124,-1.7263904441955902,105.31,6112015,1788818114,2026-09-07T21:55:14Z,NYSE:DIS
27.754167793953595,-1.5456093289349582,-31.172196152095605,-1.808857808857807,111.5815,50.46471106915124,-1.7263904441955902,105.31,6112015,1788818300,2026-09-07T21:58:20Z,NYSE:DIS
27.754167793953595,-1.5456093289349582,-31.172196152095605,-1.808857808857807,111.5815,50.46471106915124,-1.7263904441955902,105.31,6112015,1788818478,2026-09-07T22:01:18Z,NYSE:DIS
27.754167793953595,-1.5456093289349582,-31.172196152095605,-1.808857808857807,111.5815,50.46471106915124,-1.7263904441955902,105.31,6112015,1788818659,2026-09-07T22:04:19Z,NYSE:DIS
27.754167793953595,-1.5456093289349582,-31.172196152095605,-1.808857808857807,111.5815,50.46471106915124,-1.7263904441955902,105.31,6112015,1788818840,2026-09-07T22:07:20Z,NYSE:DIS
27.754167793953595,-1.5456093289349582,-31.172196152095605,-1.808857808857807,111.5815,50.46471106915124,-1.7263904441955902,105.31,6112015,1788819021,2026-09-07T22:10:21Z,NYSE:DIS
27.754167793953595,-1.5456093289349582,-31.172196152095605,-1.808857808857807,111.5815,50.46471106915124,-1.7263904441955902,105.31,6112015,1788819195,2026-09-07T22:13:15Z,NYSE:DIS
27.754167793953595,-1.5456093289349582,-31.172196152095605,-1.808857808857807,111.5815,50.46471106915124,-1.7263904441955902,105.31,6112015,1788819378,2026-09-07T22:16:18Z,NYSE:DIS
27.754167793953595,-1.5456093289349582,-31.172196152095605,-1.808857808857807,111.5815,50.46471106915124,-1.7263904441955902,105.31,6112015,1788819558,2026-09-07T22:19:18Z,NYSE:DIS
27.754167793953595,-1.5456093289349582,-31.172196152095605,-1.808857808857807,111.5815,50.46471106915124,-1.7263904441955902,105.31,6112015,1788819739,2026-09-07T22:22:19Z,NYSE:DIS
27.754167793953595,-1.5456093289349582,-31.172196152095605,-1.808857808857807,111.5815,50.46471106915124,-1.7263904441955902,105.31,6112015,1788819921,2026-09-07T22:25:21Z,NYSE:DIS
27.754167793953595,-1.5456093289349582,-31.172196152095605,-1.808857808857807,111.5815,50.46471106915124,-1.7263904441955902,105.31,6112015,1788820099,2026-09-07T22:28:19Z,NYSE:DIS
27.754167793953595,-1.5456093289349582,-31.172196152095605,-1.808857808857807,111.5815,50.46471106915124,-1.7263904441955902,105.31,6112015,1788820282,2026-09-07T22:31:22Z,NYSE:DIS
27.754167793953595,-1.5456093289349582,-31.172196152095605,-1.808857808857807,111.5815,50.46471106915124,-1.7263904441955902,105.31,6112015,1788820461,2026-09-07T22:34:21Z,NYSE:DIS
27.754167793953595,-1.5456093289349582,-31.172196152095605,-1.808857808857807,111.5815,50.46471106915124,-1.7263904441955902,105.31,6112015,1788820637,2026-09-07T22:37:17Z,NYSE:DIS
27.754167793953595,-1.5456093289349582,-31.172196152095605,-1.808857808857807,111.5815,50.46471106915124,-1.7263904441955902,105.31,6112015,1788820820,2026-09-07T22:40:20Z,NYSE:DIS
27.754167793953595,-1.5456093289349582,-31.172196152095605,-1.808857808857807,111.5815,50.46471106915124,-1.7263904441955902,105.31,6112015,1788821000,2026-09-07T22:43:20Z,NYSE:DIS
27.754167793953595,-1.5456093289349582,-31.172196152095605,-1.808857808857807,111.5815,50.46471106915124,-1.7263904441955902,105.31,6112015,1788821175,2026-09-07T22:46:15Z,NYSE:DIS
27.754167793953595,-1.5456093289349582,-31.172196152095605,-1.808857808857807,111.5815,50.46471106915124,-1.7263904441955902,105.31,6112015,1788821359,2026-09-07T22:49:19Z,NYSE:DIS
27.754167793953595,-1.5456093289349582,-31.172196152095605,-1.808857808857807,111.5815,50.46471106915124,-1.7263904441955902,105.31,6112015,1788821536,2026-09-07T22:52:16Z,NYSE:DIS
27.754167793953595,-1.5456093289349582,-31.172196152095605,-1.808857808857807,111.5815,50.46471106915124,-1.7263904441955902,105.31,6112015,1788821719,2026-09-07T22:55:19Z,NYSE:DIS
27.754167793953595,-1.5456093289349582,-31.172196152095605,-1.808857808857807,111.5815,50.46471106915124,-1.7263904441955902,105.31,6112015,1788821897,2026-09-07T22:58:17Z,NYSE:DIS
27.754167793953595,-1.5456093289349582,-31.172196152095605,-1.808857808857807,111.5815,50.46471106915124,-1.7263904441955902,105.31,6112015,1788822080,2026-09-07T23:01:20Z,NYSE:DIS
27.754167793953595,-1.5456093289349582,-31.172196152095605,-1.808857808857807,111.5815,50.46471106915124,-1.7263904441955902,105.31,6112015,1788822260,2026-09-07T23:04:20Z,NYSE:DIS
27.754167793953595,-1.5456093289349582,-31.172196152095605,-1.808857808857807,111.5815,50.46471106915124,-1.7263904441955902,105.31,6112015,1788822434,2026-09-07T23:07:14Z,NYSE:DIS
27.754167793953595,-1.5456093289349582,-31.172196152095605,-1.808857808857807,111.5815,50.46471106915124,-1.7263904441955902,105.31,6112015,1788822619,2026-09-07T23:10:19Z,NYSE:DIS
27.754167793953595,-1.5456093289349582,-31.172196152095605,-1.808857808857807,111.5815,50.46471106915124,-1.7263904441955902,105.31,6112015,1788822798,2026-09-07T23:13:18Z,NYSE:DIS
27.754167793953595,-1.5456093289349582,-31.172196152095605,-1.808857808857807,111.5815,50.46471106915124,-1.7263904441955902,105.31,6112015,1788822975,2026-09-07T23:16:15Z,NYSE:DIS
27.754167793953595,-1.5456093289349582,-31.172196152095605,-1.808857808857807,111.5815,50.46471106915124,-1.7263904441955902,105.31,6112015,1788823161,2026-09-07T23:19:21Z,NYSE:DIS
27.754167793953595,-1.5456093289349582,-31.172196152095605,-1.808857808857807,111.5815,50.46471106915124,-1.7263904441955902,105.31,6112015,1788823339,2026-09-07T23:22:19Z,NYSE:DIS
27.754167793953595,-1.5456093289349582,-31.172196152095605,-1.808857808857807,111.5815,50.46471106915124,-1.7263904441955902,105.31,6112015,1788823519,2026-09-07T23:25:19Z,NYSE:DIS
27.754167793953595,-1.5456093289349582,-31.172196152095605,-1.808857808857807,111.5815,50.46471106915124,-1.7263904441955902,105.31,6112015,1788823698,2026-09-07T23:28:18Z,NYSE:DIS
27.754167793953595,-1.5456093289349582,-31.172196152095605,-1.808857808857807,111.5815,50.46471106915124,-1.7263904441955902,105.31,6112015,1788823881,2026-09-07T23:31:21Z,NYSE:DIS
27.754167793953595,-1.5456093289349582,-31.172196152095605,-1.808857808857807,111.5815,50.46471106915124,-1.7263904441955902,105.31,6112015,1788824061,2026-09-07T23:34:21Z,NYSE:DIS
27.754167793953595,-1.5456093289349582,-31.172196152095605,-1.808857808857807,111.5815,50.46471106915124,-1.7263904441955902,105.31,6112015,1788824238,2026-09-07T23:37:18Z,NYSE:DIS
27.754167793953595,-1.5456093289349582,-31.172196152095605,-1.808857808857807,111.5815,50.46471106915124,-1.7263904441955902,105.31,6112015,1788824418,2026-09-07T23:40:18Z,NYSE:DIS
27.754167793953595,-1.5456093289349582,-31.172196152095605,-1.808857808857807,111.5815,50.46471106915124,-1.7263904441955902,105.31,6112015,1788824598,2026-09-07T23:43:18Z,NYSE:DIS
27.754167793953595,-1.5456093289349582,-31.172196152095605,-1.808857808857807,111.5815,50.46471106915124,-1.7263904441955902,105.31,6112015,1788824780,2026-09-07T23:46:20Z,NYSE:DIS
27.754167793953595,-1.5456093289349582,-31.172196152095605,-1.808857808857807,111.5815,50.46471106915124,-1.7263904441955902,105.31,6112015,1788824961,2026-09-07T23:49:21Z,NYSE:DIS
27.754167793953595,-1.5456093289349582,-31.172196152095605,-1.808857808857807,111.5815,50.46471106915124,-1.7263904441955902,105.31,6112015,1788825134,2026-09-07T23:52:14Z,NYSE:DIS
27.754167793953595,-1.5456093289349582,-31.172196152095605,-1.808857808857807,111.5815,50.46471106915124,-1.7263904441955902,105.31,6112015,1788825324,2026-09-07T23:55:24Z,NYSE:DIS
27.754167793953595,-1.5456093289349582,-31.172196152095605,-1.808857808857807,111.5815,50.46471106915124,-1.7263904441955902,105.31,6112015,1788825499,2026-09-07T23:58:19Z,NYSE:DIS
27.754167793953595,-1.5456093289349582,-31.172196152095605,-1.808857808857807,111.5815,50.46471106915124,-1.7263904441955902,105.31,6112015,1788825679,2026-09-08T00:01:19Z,NYSE:DIS
27.754167793953595,-1.5456093289349582,-31.172196152095605,-1.808857808857807,111.5815,50.46471106915124,-1.7263904441955902,105.31,6112015,1788825863,2026-09-08T00:04:23Z,NYSE:DIS
27.754167793953595,-1.5456093289349582,-31.172196152095605,-1.808857808857807,111.5815,50.46471106915124,-1.7263904441955902,105.31,6112015,1788826034,2026-09-08T00:07:14Z,NYSE:DIS
27.754167793953595,-1.5456093289349582,-31.172196152095605,-1.808857808857807,111.5815,50.46471106915124,-1.7263904441955902,105.31,6112015,1788826222,2026-09-08T00:10:22Z,NYSE:DIS
27.754167793953595,-1.5456093289349582,-31.172196152095605,-1.808857808857807,111.5815,50.46471106915124,-1.7263904441955902,105.31,6112015,1788826397,2026-09-08T00:13:17Z,NYSE:DIS
27.754167793953595,-1.5456093289349582,-31.172196152095605,-1.808857808857807,111.5815,50.46471106915124,-1.7263904441955902,105.31,6112015,1788826577,2026-09-08T00:16:17Z,NYSE:DIS
27.754167793953595,-1.5456093289349582,-31.172196152095605,-1.808857808857807,111.5815,50.46471106915124,-1.7263904441955902,105.31,6112015,1788826761,2026-09-08T00:19:21Z,NYSE:DIS
27.754167793953595,-1.5456093289349582,-31.172196152095605,-1.808857808857807,111.5815,50.46471106915124,-1.7263904441955902,105.31,6112015,1788826935,2026-09-08T00:22:15Z,NYSE:DIS
27.754167793953595,-1.5456093289349582,-31.172196152095605,-1.808857808857807,111.5815,50.46471106915124,-1.7263904441955902,105.31,6112015,1788827115,2026-09-08T00:25:15Z,NYSE:DIS
27.754167793953595,-1.5456093289349582,-31.172196152095605,-1.808857808857807,111.5815,50.46471106915124,-1.7263904441955902,105.31,6112015,1788827298,2026-09-08T00:28:18Z,NYSE:DIS
27.754167793953595,-1.5456093289349582,-31.172196152095605,-1.808857808857807,111.5815,50.46471106915124,-1.7263904441955902,105.31,6112015,1788827481,2026-09-08T00:31:21Z,NYSE:DIS
27.754167793953595,-1.5456093289349582,-31.172196152095605,-1.808857808857807,111.5815,50.46471106915124,-1.7263904441955902,105.31,6112015,1788827660,2026-09-08T00:34:20Z,NYSE:DIS
27.754167793953595,-1.5456093289349582,-31.172196152095605,-1.808857808857807,111.5815,50.46471106915124,-1.7263904441955902,105.31,6112015,1788827840,2026-09-08T00:37:20Z,NYSE:DIS
27.754167793953595,-1.5456093289349582,-31.172196152095605,-1.808857808857807,111.5815,50.46471106915124,-1.7263904441955902,105.31,6112015,1788828024,2026-09-08T00:40:24Z,NYSE:DIS
27.754167793953595,-1.5456093289349582,-31.172196152095605,-1.808857808857807,111.5815,50.46471106915124,-1.7263904441955902,105.31,6112015,1788828198,2026-09-08T00:43:18Z,NYSE:DIS
27.754167793953595,-1.5456093289349582,-31.172196152095605,-1.808857808857807,111.5815,50.46471106915124,-1.7263904441955902,105.31,6112015,1788828386,2026-09-08T00:46:26Z,NYSE:DIS
27.754167793953595,-1.5456093289349582,-31.172196152095605,-1.808857808857807,111.5815,50.46471106915124,-1.7263904441955902,105.31,6112015,1788828560,2026-09-08T00:49:20Z,NYSE:DIS
27.754167793953595,-1.5456093289349582,-31.172196152095605,-1.808857808857807,111.5815,50.46471106915124,-1.7263904441955902,105.31,6112015,1788828740,2026-09-08T00:52:20Z,NYSE:DIS
27.754167793953595,-1.5456093289349582,-31.172196152095605,-1.808857808857807,111.5815,50.46471106915124,-1.7263904441955902,105.31,6112015,1788828919,2026-09-08T00:55:19Z,NYSE:DIS
27.754167793953595,-1.5456093289349582,-31.172196152095605,-1.808857808857807,111.5815,50.46471106915124,-1.7263904441955902,105.31,6112015,1788829104,2026-09-08T00:58:24Z,NYSE:DIS
27.754167793953595,-1.5456093289349582,-31.172196152095605,-1.808857808857807,111.5815,50.46471106915124,-1.7263904441955902,105.31,6112015,1788829283,2026-09-08T01:01:23Z,NYSE:DIS
27.754167793953595,-1.5456093289349582,-31.172196152095605,-1.808857808857807,111.5815,50.46471106915124,-1.7263904441955902,105.31,6112015,1788829458,2026-09-08T01:04:18Z,NYSE:DIS
27.754167793953595,-1.5456093289349582,-31.172196152095605,-1.808857808857807,111.5815,50.46471106915124,-1.7263904441955902,105.31,6112015,1788829641,2026-09-08T01:07:21Z,NYSE:DIS
27.754167793953595,-1.5456093289349582,-31.172196152095605,-1.808857808857807,111.5815,50.46471106915124,-1.7263904441955902,105.31,6112015,1788829823,2026-09-08T01:10:23Z,NYSE:DIS
27.754167793953595,-1.5456093289349582,-31.172196152095605,-1.808857808857807,111.5815,50.46471106915124,-1.7263904441955902,105.31,6112015,1788830000,2026-09-08T01:13:20Z,NYSE:DIS
27.754167793953595,-1.5456093289349582,-31.172196152095605,-1.808857808857807,111.5815,50.46471106915124,-1.7263904441955902,105.31,6112015,1788830183,2026-09-08T01:16:23Z,NYSE:DIS
27.754167793953595,-1.5456093289349582,-31.172196152095605,-1.808857808857807,111.5815,50.46471106915124,-1.7263904441955902,105.31,6112015,1788830361,2026-09-08T01:19:21Z,NYSE:DIS
27.754167793953595,-1.5456093289349582,-31.172196152095605,-1.808857808857807,111.5815,50.46471106915124,-1.7263904441955902,105.31,6112015,1788830540,2026-09-08T01:22:20Z,NYSE:DIS
27.754167793953595,-1.5456093289349582,-31.172196152095605,-1.808857808857807,111.5815,50.46471106915124,-1.7263904441955902,105.31,6112015,1788830720,2026-09-08T01:25:20Z,NYSE:DIS
27.754167793953595,-1.5456093289349582,-31.172196152095605,-1.808857808857807,111.5815,50.46471106915124,-1.7263904441955902,105.31,6112015,1788830894,2026-09-08T01:28:14Z,NYSE:DIS
27.754167793953595,-1.5456093289349582,-31.172196152095605,-1.808857808857807,111.5815,50.46471106915124,-1.7263904441955902,105.31,6112015,1788831082,2026-09-08T01:31:22Z,NYSE:DIS
27.754167793953595,-1.5456093289349582,-31.172196152095605,-1.808857808857807,111.5815,50.46471106915124,-1.7263904441955902,105.31,6112015,1788831253,2026-09-08T01:34:13Z,NYSE:DIS
27.754167793953595,-1.5456093289349582,-31.172196152095605,-1.808857808857807,111.5815,50.46471106915124,-1.7263904441955902,105.31,6112015,1788831439,2026-09-08T01:37:19Z,NYSE:DIS
27.754167793953595,-1.5456093289349582,-31.172196152095605,-1.808857808857807,111.5815,50.46471106915124,-1.7263904441955902,105.31,6112015,1788831622,2026-09-08T01:40:22Z,NYSE:DIS
27.754167793953595,-1.5456093289349582,-31.172196152095605,-1.808857808857807,111.5815,50.46471106915124,-1.7263904441955902,105.31,6112015,1788831801,2026-09-08T01:43:21Z,NYSE:DIS
27.754167793953595,-1.5456093289349582,-31.172196152095605,-1.808857808857807,111.5815,50.46471106915124,-1.7263904441955902,105.31,6112015,1788831981,2026-09-08T01:46:21Z,NYSE:DIS
27.754167793953595,-1.5456093289349582,-31.172196152095605,-1.808857808857807,111.5815,50.46471106915124,-1.7263904441955902,105.31,6112015,1788832157,2026-09-08T01:49:17Z,NYSE:DIS
27.754167793953595,-1.5456093289349582,-31.172196152095605,-1.808857808857807,111.5815,50.46471106915124,-1.7263904441955902,105.31,6112015,1788832341,2026-09-08T01:52:21Z,NYSE:DIS
27.754167793953595,-1.5456093289349582,-31.172196152095605,-1.808857808857807,111.5815,50.46471106915124,-1.7263904441955902,105.31,6112015,1788832521,2026-09-08T01:55:21Z,NYSE:DIS
27.754167793953595,-1.5456093289349582,-31.172196152095605,-1.808857808857807,111.5815,50.46471106915124,-1.7263904441955902,105.31,6112015,1788832699,2026-09-08T01:58:19Z,NYSE:DIS
27.754167793953595,-1.5456093289349582,-31.172196152095605,-1.808857808857807,111.5815,50.46471106915124,-1.7263904441955902,105.31,6112015,1788832878,2026-09-08T02:01:18Z,NYSE:DIS
27.754167793953595,-1.5456093289349582,-31.172196152095605,-1.808857808857807,111.5815,50.46471106915124,-1.7263904441955902,105.31,6112015,1788833058,2026-09-08T02:04:18Z,NYSE:DIS
27.754167793953595,-1.5456093289349582,-31.172196152095605,-1.808857808857807,111.5815,50.46471106915124,-1.7263904441955902,105.31,6112015,1788833237,2026-09-08T02:07:17Z,NYSE:DIS
27.754167793953595,-1.5456093289349582,-31.172196152095605,-1.808857808857807,111.5815,50.46471106915124,-1.7263904441955902,105.31,6112015,1788833423,2026-09-08T02:10:23Z,NYSE:DIS
27.754167793953595,-1.5456093289349582,-31.172196152095605,-1.808857808857807,111.5815,50.46471106915124,-1.7263904441955902,105.31,6112015,1788833599,2026-09-08T02:13:19Z,NYSE:DIS
27.754167793953595,-1.5456093289349582,-31.172196152095605,-1.808857808857807,111.5815,50.46471106915124,-1.7263904441955902,105.31,6112015,1788833783,2026-09-08T02:16:23Z,NYSE:DIS
27.754167793953595,-1.5456093289349582,-31.172196152095605,-1.808857808857807,111.5815,50.46471106915124,-1.7263904441955902,105.31,6112015,1788833959,2026-09-08T02:19:19Z,NYSE:DIS
27.754167793953595,-1.5456093289349582,-31.172196152095605,-1.808857808857807,111.5815,50.46471106915124,-1.7263904441955902,105.31,6112015,1788834138,2026-09-08T02:22:18Z,NYSE:DIS
27.754167793953595,-1.5456093289349582,-31.172196152095605,-1.808857808857807,111.5815,50.46471106915124,-1.7263904441955902,105.31,6112015,1788834316,2026-09-08T02:25:16Z,NYSE:DIS
27.754167793953595,-1.5456093289349582,-31.172196152095605,-1.808857808857807,111.5815,50.46471106915124,-1.7263904441955902,105.31,6112015,1788834501,2026-09-08T02:28:21Z,NYSE:DIS
27.754167793953595,-1.5456093289349582,-31.172196152095605,-1.808857808857807,111.5815,50.46471106915124,-1.7263904441955902,105.31,6112015,1788834678,2026-09-08T02:31:18Z,NYSE:DIS
27.754167793953595,-1.5456093289349582,-31.172196152095605,-1.808857808857807,111.5815,50.46471106915124,-1.7263904441955902,105.31,6112015,1788834857,2026-09-08T02:34:17Z,NYSE:DIS
27.754167793953595,-1.5456093289349582,-31.172196152095605,-1.808857808857807,111.5815,50.46471106915124,-1.7263904441955902,105.31,6112015,1788835040,2026-09-08T02:37:20Z,NYSE:DIS
27.754167793953595,-1.5456093289349582,-31.172196152095605,-1.808857808857807,111.5815,50.46471106915124,-1.7263904441955902,105.31,6112015,1788835220,2026-09-08T02:40:20Z,NYSE:DIS
27.754167793953595,-1.5456093289349582,-31.172196152095605,-1.808857808857807,111.5815,50.46471106915124,-1.7263904441955902,105.31,6112015,1788835402,2026-09-08T02:43:22Z,NYSE:DIS
27.754167793953595,-1.5456093289349582,-31.172196152095605,-1.808857808857807,111.5815,50.46471106915124,-1.7263904441955902,105.31,6112015,1788835578,2026-09-08T02:46:18Z,NYSE:DIS
27.754167793953595,-1.5456093289349582,-31.172196152095605,-1.808857808857807,111.5815,50.46471106915124,-1.7263904441955902,105.31,6112015,1788835761,2026-09-08T02:49:21Z,NYSE:DIS
27.754167793953595,-1.5456093289349582,-31.172196152095605,-1.808857808857807,111.5815,50.46471106915124,-1.7263904441955902,105.31,6112015,1788835940,2026-09-08T02:52:20Z,NYSE:DIS
27.754167793953595,-1.5456093289349582,-31.172196152095605,-1.808857808857807,111.5815,50.46471106915124,-1.7263904441955902,105.31,6112015,1788836117,2026-09-08T02:55:17Z,NYSE:DIS
27.754167793953595,-1.5456093289349582,-31.172196152095605,-1.808857808857807,111.5815,50.46471106915124,-1.7263904441955902,105.31,6112015,1788836299,2026-09-08T02:58:19Z,NYSE:DIS
27.754167793953595,-1.5456093289349582,-31.172196152095605,-1.808857808857807,111.5815,50.46471106915124,-1.7263904441955902,105.31,6112015,1788836481,2026-09-08T03:01:21Z,NYSE:DIS
27.754167793953595,-1.5456093289349582,-31.172196152095605,-1.808857808857807,111.5815,50.46471106915124,-1.7263904441955902,105.31,6112015,1788836659,2026-09-08T03:04:19Z,NYSE:DIS
27.754167793953595,-1.5456093289349582,-31.172196152095605,-1.808857808857807,111.5815,50.46471106915124,-1.7263904441955902,105.31,6112015,1788836842,2026-09-08T03:07:22Z,NYSE:DIS
27.754167793953595,-1.5456093289349582,-31.172196152095605,-1.808857808857807,111.5815,50.46471106915124,-1.7263904441955902,105.31,6112015,1788837022,2026-09-08T03:10:22Z,NYSE:DIS
27.754167793953595,-1.5456093289349582,-31.172196152095605,-1.808857808857807,111.5815,50.46471106915124,-1.7263904441955902,105.31,6112015,1788837200,2026-09-08T03:13:20Z,NYSE:DIS
27.754167793953595,-1.5456093289349582,-31.172196152095605,-1.808857808857807,111.5815,50.46471106915124,-1.7263904441955902,105.31,6112015,1788837376,2026-09-08T03:16:16Z,NYSE:DIS
27.754167793953595,-1.5456093289349582,-31.172196152095605,-1.808857808857807,111.5815,50.46471106915124,-1.7263904441955902,105.31,6112015,1788837559,2026-09-08T03:19:19Z,NYSE:DIS
27.754167793953595,-1.5456093289349582,-31.172196152095605,-1.808857808857807,111.5815,50.46471106915124,-1.7263904441955902,105.31,6112015,1788837741,2026-09-08T03:22:21Z,NYSE:DIS
27.754167793953595,-1.5456093289349582,-31.172196152095605,-1.808857808857807,111.5815,50.46471106915124,-1.7263904441955902,105.31,6112015,1788837922,2026-09-08T03:25:22Z,NYSE:DIS
27.754167793953595,-1.5456093289349582,-31.172196152095605,-1.808857808857807,111.5815,50.46471106915124,-1.7263904441955902,105.31,6112015,1788838099,2026-09-08T03:28:19Z,NYSE:DIS
27.754167793953595,-1.5456093289349582,-31.172196152095605,-1.808857808857807,111.5815,50.46471106915124,-1.7263904441955902,105.31,6112015,1788838277,2026-09-08T03:31:17Z,NYSE:DIS
27.754167793953595,-1.5456093289349582,-31.172196152095605,-1.808857808857807,111.5815,50.46471106915124,-1.7263904441955902,105.31,6112015,1788838461,2026-09-08T03:34:21Z,NYSE:DIS
27.754167793953595,-1.5456093289349582,-31.172196152095605,-1.808857808857807,111.5815,50.46471106915124,-1.7263904441955902,105.31,6112015,1788838641,2026-09-08T03:37:21Z,NYSE:DIS
27.754167793953595,-1.5456093289349582,-31.172196152095605,-1.808857808857807,111.5815,50.46471106915124,-1.7263904441955902,105.31,6112015,1788838821,2026-09-08T03:40:21Z,NYSE:DIS
27.754167793953595,-1.5456093289349582,-31.172196152095605,-1.808857808857807,111.5815,50.46471106915124,-1.7263904441955902,105.31,6112015,1788839002,2026-09-08T03:43:22Z,NYSE:DIS
27.754167793953595,-1.5456093289349582,-31.172196152095605,-1.808857808857807,111.5815,50.46471106915124,-1.7263904441955902,105.31,6112015,1788839177,2026-09-08T03:46:17Z,NYSE:DIS
27.754167793953595,-1.5456093289349582,-31.172196152095605,-1.808857808857807,111.5815,50.46471106915124,-1.7263904441955902,105.31,6112015,1788839359,2026-09-08T03:49:19Z,NYSE:DIS
27.754167793953595,-1.5456093289349582,-31.172196152095605,-1.808857808857807,111.5815,50.46471106915124,-1.7263904441955902,105.31,6112015,1788839538,2026-09-08T03:52:18Z,NYSE:DIS
27.754167793953595,-1.5456093289349582,-31.172196152095605,-1.808857808857807,111.5815,50.46471106915124,-1.7263904441955902,105.31,6112015,1788839717,2026-09-08T03:55:17Z,NYSE:DIS
27.754167793953595,-1.5456093289349582,-31.172196152095605,-1.808857808857807,111.5815,50.46471106915124,-1.7263904441955902,105.31,6112015,1788839897,2026-09-08T03:58:17Z,NYSE:DIS
27.754167793953595,-1.5456093289349582,-31.172196152095605,-1.808857808857807,111.5815,50.46471106915124,-1.7263904441955902,105.31,6112015,1788840078,2026-09-08T04:01:18Z,NYSE:DIS
27.754167793953595,-1.5456093289349582,-31.172196152095605,-1.808857808857807,111.5815,50.46471106915124,-1.7263904441955902,105.31,6112015,1788840258,2026-09-08T04:04:18Z,NYSE:DIS
27.754167793953595,-1.5456093289349582,-31.172196152095605,-1.808857808857807,111.5815,50.46471106915124,-1.7263904441955902,105.31,6112015,1788840438,2026-09-08T04:07:18Z,NYSE:DIS
27.754167793953595,-1.5456093289349582,-31.172196152095605,-1.808857808857807,111.5815,50.46471106915124,-1.7263904441955902,105.31,6112015,1788840616,2026-09-08T04:10:16Z,NYSE:DIS
27.754167793953595,-1.5456093289349582,-31.172196152095605,-1.808857808857807,111.5815,50.46471106915124,-1.7263904441955902,105.31,6112015,1788840797,2026-09-08T04:13:17Z,NYSE:DIS
27.754167793953595,-1.5456093289349582,-31.172196152095605,-1.808857808857807,111.5815,50.46471106915124,-1.7263904441955902,105.31,6112015,1788840982,2026-09-08T04:16:22Z,NYSE:DIS
27.754167793953595,-1.5456093289349582,-31.172196152095605,-1.808857808857807,111.5815,50.46471106915124,-1.7263904441955902,105.31,6112015,1788841156,2026-09-08T04:19:16Z,NYSE:DIS
27.754167793953595,-1.5456093289349582,-31.172196152095605,-1.808857808857807,111.5815,50.46471106915124,-1.7263904441955902,105.31,6112015,1788841340,2026-09-08T04:22:20Z,NYSE:DIS
27.754167793953595,-1.5456093289349582,-31.172196152095605,-1.808857808857807,111.5815,50.46471106915124,-1.7263904441955902,105.31,6112015,1788841522,2026-09-08T04:25:22Z,NYSE:DIS
27.754167793953595,-1.5456093289349582,-31.172196152095605,-1.808857808857807,111.5815,50.46471106915124,-1.7263904441955902,105.31,6112015,1788841695,2026-09-08T04:28:15Z,NYSE:DIS
27.754167793953595,-1.5456093289349582,-31.172196152095605,-1.808857808857807,111.5815,50.46471106915124,-1.7263904441955902,105.31,6112015,1788841881,2026-09-08T04:31:21Z,NYSE:DIS
27.754167793953595,-1.5456093289349582,-31.172196152095605,-1.808857808857807,111.5815,50.46471106915124,-1.7263904441955902,105.31,6112015,1788842054,2026-09-08T04:34:14Z,NYSE:DIS
27.754167793953595,-1.5456093289349582,-31.172196152095605,-1.808857808857807,111.5815,50.46471106915124,-1.7263904441955902,105.31,6112015,1788842241,2026-09-08T04:37:21Z,NYSE:DIS
27.754167793953595,-1.5456093289349582,-31.172196152095605,-1.808857808857807,111.5815,50.46471106915124,-1.7263904441955902,105.31,6112015,1788842419,2026-09-08T04:40:19Z,NYSE:DIS
27.754167793953595,-1.5456093289349582,-31.172196152095605,-1.808857808857807,111.5815,50.46471106915124,-1.7263904441955902,105.31,6112015,1788842602,2026-09-08T04:43:22Z,NYSE:DIS
27.754167793953595,-1.5456093289349582,-31.172196152095605,-1.808857808857807,111.5815,50.46471106915124,-1.7263904441955902,105.31,6112015,1788842778,2026-09-08T04:46:18Z,NYSE:DIS
27.754167793953595,-1.5456093289349582,-31.172196152095605,-1.808857808857807,111.5815,50.46471106915124,-1.7263904441955902,105.31,6112015,1788842958,2026-09-08T04:49:18Z,NYSE:DIS
27.754167793953595,-1.5456093289349582,-31.172196152095605,-1.808857808857807,111.5815,50.46471106915124,-1.7263904441955902,105.31,6112015,1788843136,2026-09-08T04:52:16Z,NYSE:DIS
27.754167793953595,-1.5456093289349582,-31.172196152095605,-1.808857808857807,111.5815,50.46471106915124,-1.7263904441955902,105.31,6112015,1788843319,2026-09-08T04:55:19Z,NYSE:DIS
27.754167793953595,-1.5456093289349582,-31.172196152095605,-1.808857808857807,111.5815,50.46471106915124,-1.7263904441955902,105.31,6112015,1788843503,2026-09-08T04:58:23Z,NYSE:DIS
27.754167793953595,-1.5456093289349582,-31.172196152095605,-1.808857808857807,111.5815,50.46471106915124,-1.7263904441955902,105.31,6112015,1788843676,2026-09-08T05:01:16Z,NYSE:DIS
27.754167793953595,-1.5456093289349582,-31.172196152095605,-1.808857808857807,111.5815,50.46471106915124,-1.7263904441955902,105.31,6112015,1788843860,2026-09-08T05:04:20Z,NYSE:DIS
27.754167793953595,-1.5456093289349582,-31.172196152095605,-1.808857808857807,111.5815,50.46471106915124,-1.7263904441955902,105.31,6112015,1788844038,2026-09-08T05:07:18Z,NYSE:DIS
27.754167793953595,-1.5456093289349582,-31.172196152095605,-1.808857808857807,111.5815,50.46471106915124,-1.7263904441955902,105.31,6112015,1788844217,2026-09-08T05:10:17Z,NYSE:DIS
27.754167793953595,-1.5456093289349582,-31.172196152095605,-1.808857808857807,111.5815,50.46471106915124,-1.7263904441955902,105.31,6112015,1788844401,2026-09-08T05:13:21Z,NYSE:DIS
27.754167793953595,-1.5456093289349582,-31.172196152095605,-1.808857808857807,111.5815,50.46471106915124,-1.7263904441955902,105.31,6112015,1788844575,2026-09-08T05:16:15Z,NYSE:DIS
27.754167793953595,-1.5456093289349582,-31.172196152095605,-1.808857808857807,111.5815,50.46471106915124,-1.7263904441955902,105.31,6112015,1788844761,2026-09-08T05:19:21Z,NYSE:DIS
27.754167793953595,-1.5456093289349582,-31.172196152095605,-1.808857808857807,111.5815,50.46471106915124,-1.7263904441955902,105.31,6112015,1788844939,2026-09-08T05:22:19Z,NYSE:DIS
27.754167793953595,-1.5456093289349582,-31.172196152095605,-1.808857808857807,111.5815,50.46471106915124,-1.7263904441955902,105.31,6112015,1788845120,2026-09-08T05:25:20Z,NYSE:DIS
27.754167793953595,-1.5456093289349582,-31.172196152095605,-1.808857808857807,111.5815,50.46471106915124,-1.7263904441955902,105.31,6112015,1788845299,2026-09-08T05:28:19Z,NYSE:DIS
27.754167793953595,-1.5456093289349582,-31.172196152095605,-1.808857808857807,111.5815,50.46471106915124,-1.7263904441955902,105.31,6112015,1788845479,2026-09-08T05:31:19Z,NYSE:DIS
27.754167793953595,-1.5456093289349582,-31.172196152095605,-1.808857808857807,111.5815,50.46471106915124,-1.7263904441955902,105.31,6112015,1788845661,2026-09-08T05:34:21Z,NYSE:DIS
27.754167793953595,-1.5456093289349582,-31.172196152095605,-1.808857808857807,111.5815,50.46471106915124,-1.7263904441955902,105.31,6112015,1788845835,2026-09-08T05:37:15Z,NYSE:DIS
27.754167793953595,-1.5456093289349582,-31.172196152095605,-1.808857808857807,111.5815,50.46471106915124,-1.7263904441955902,105.31,6112015,1788846018,2026-09-08T05:40:18Z,NYSE:DIS
27.754167793953595,-1.5456093289349582,-31.172196152095605,-1.808857808857807,111.5815,50.46471106915124,-1.7263904441955902,105.31,6112015,1788846200,2026-09-08T05:43:20Z,NYSE:DIS
27.754167793953595,-1.5456093289349582,-31.172196152095605,-1.808857808857807,111.5815,50.46471106915124,-1.7263904441955902,105.31,6112015,1788846382,2026-09-08T05:46:22Z,NYSE:DIS
27.754167793953595,-1.5456093289349582,-31.172196152095605,-1.808857808857807,111.5815,50.46471106915124,-1.7263904441955902,105.31,6112015,1788846560,2026-09-08T05:49:20Z,NYSE:DIS
27.754167793953595,-1.5456093289349582,-31.172196152095605,-1.808857808857807,111.5815,50.46471106915124,-1.7263904441955902,105.31,6112015,1788846739,2026-09-08T05:52:19Z,NYSE:DIS
27.754167793953595,-1.5456093289349582,-31.172196152095605,-1.808857808857807,111.5815,50.46471106915124,-1.7263904441955902,105.31,6112015,1788846926,2026-09-08T05:55:26Z,NYSE:DIS
27.754167793953595,-1.5456093289349582,-31.172196152095605,-1.808857808857807,111.5815,50.46471106915124,-1.7263904441955902,105.31,6112015,1788847102,2026-09-08T05:58:22Z,NYSE:DIS
27.754167793953595,-1.5456093289349582,-31.172196152095605,-1.808857808857807,111.5815,50.46471106915124,-1.7263904441955902,105.31,6112015,1788847278,2026-09-08T06:01:18Z,NYSE:DIS
27.754167793953595,-1.5456093289349582,-31.172196152095605,-1.808857808857807,111.5815,50.46471106915124,-1.7263904441955902,105.31,6112015,1788847459,2026-09-08T06:04:19Z,NYSE:DIS
27.754167793953595,-1.5456093289349582,-31.172196152095605,-1.808857808857807,111.5815,50.46471106915124,-1.7263904441955902,105.31,6112015,1788847639,2026-09-08T06:07:19Z,NYSE:DIS
27.754167793953595,-1.5456093289349582,-31.172196152095605,-1.808857808857807,111.5815,50.46471106915124,-1.7263904441955902,105.31,6112015,1788847824,2026-09-08T06:10:24Z,NYSE:DIS
27.754167793953595,-1.5456093289349582,-31.172196152095605,-1.808857808857807,111.5815,50.46471106915124,-1.7263904441955902,105.31,6112015,1788847998,2026-09-08T06:13:18Z,NYSE:DIS
27.754167793953595,-1.5456093289349582,-31.172196152095605,-1.808857808857807,111.5815,50.46471106915124,-1.7263904441955902,105.31,6112015,1788848178,2026-09-08T06:16:18Z,NYSE:DIS
27.754167793953595,-1.5456093289349582,-31.172196152095605,-1.808857808857807,111.5815,50.46471106915124,-1.7263904441955902,105.31,6112015,1788848359,2026-09-08T06:19:19Z,NYSE:DIS
27.754167793953595,-1.5456093289349582,-31.172196152095605,-1.808857808857807,111.5815,50.46471106915124,-1.7263904441955902,105.31,6112015,1788848541,2026-09-08T06:22:21Z,NYSE:DIS
27.754167793953595,-1.5456093289349582,-31.172196152095605,-1.808857808857807,111.5815,50.46471106915124,-1.7263904441955902,105.31,6112015,1788848720,2026-09-08T06:25:20Z,NYSE:DIS
27.754167793953595,-1.5456093289349582,-31.172196152095605,-1.808857808857807,111.5815,50.46471106915124,-1.7263904441955902,105.31,6112015,1788848894,2026-09-08T06:28:14Z,NYSE:DIS
27.754167793953595,-1.5456093289349582,-31.172196152095605,-1.808857808857807,111.5815,50.46471106915124,-1.7263904441955902,105.31,6112015,1788849077,2026-09-08T06:31:17Z,NYSE:DIS
27.754167793953595,-1.5456093289349582,-31.172196152095605,-1.808857808857807,111.5815,50.46471106915124,-1.7263904441955902,105.31,6112015,1788849259,2026-09-08T06:34:19Z,NYSE:DIS
27.754167793953595,-1.5456093289349582,-31.172196152095605,-1.808857808857807,111.5815,50.46471106915124,-1.7263904441955902,105.31,6112015,1788849444,2026-09-08T06:37:24Z,NYSE:DIS
27.754167793953595,-1.5456093289349582,-31.172196152095605,-1.808857808857807,111.5815,50.46471106915124,-1.7263904441955902,105.31,6112015,1788849615,2026-09-08T06:40:15Z,NYSE:DIS
27.754167793953595,-1.5456093289349582,-31.172196152095605,-1.808857808857807,111.5815,50.46471106915124,-1.7263904441955902,105.31,6112015,1788849797,2026-09-08T06:43:17Z,NYSE:DIS
27.754167793953595,-1.5456093289349582,-31.172196152095605,-1.808857808857807,111.5815,50.46471106915124,-1.7263904441955902,105.31,6112015,1788849980,2026-09-08T06:46:20Z,NYSE:DIS
27.754167793953595,-1.5456093289349582,-31.172196152095605,-1.808857808857807,111.5815,50.46471106915124,-1.7263904441955902,105.31,6112015,1788850160,2026-09-08T06:49:20Z,NYSE:DIS
27.754167793953595,-1.5456093289349582,-31.172196152095605,-1.808857808857807,111.5815,50.46471106915124,-1.7263904441955902,105.31,6112015,1788850334,2026-09-08T06:52:14Z,NYSE:DIS
27.754167793953595,-1.5456093289349582,-31.172196152095605,-1.808857808857807,111.5815,50.46471106915124,-1.7263904441955902,105.31,6112015,1788850520,2026-09-08T06:55:20Z,NYSE:DIS
27.754167793953595,-1.5456093289349582,-31.172196152095605,-1.808857808857807,111.5815,50.46471106915124,-1.7263904441955902,105.31,6112015,1788850696,2026-09-08T06:58:16Z,NYSE:DIS
27.754167793953595,-1.5456093289349582,-31.172196152095605,-1.808857808857807,111.5815,50.46471106915124,-1.7263904441955902,105.31,6112015,1788850880,2026-09-08T07:01:20Z,NYSE:DIS
27.754167793953595,-1.5456093289349582,-31.172196152095605,-1.808857808857807,111.5815,50.46471106915124,-1.7263904441955902,105.31,6112015,1788851059,2026-09-08T07:04:19Z,NYSE:DIS
27.754167793953595,-1.5456093289349582,-31.172196152095605,-1.808857808857807,111.5815,50.46471106915124,-1.7263904441955902,105.31,6112015,1788851240,2026-09-08T07:07:20Z,NYSE:DIS
27.754167793953595,-1.5456093289349582,-31.172196152095605,-1.808857808857807,111.5815,50.46471106915124,-1.7263904441955902,105.31,6112015,1788851422,2026-09-08T07:10:22Z,NYSE:DIS
27.754167793953595,-1.5456093289349582,-31.172196152095605,-1.808857808857807,111.5815,50.46471106915124,-1.7263904441955902,105.31,6112015,1788851598,2026-09-08T07:13:18Z,NYSE:DIS
27.754167793953595,-1.5456093289349582,-31.172196152095605,-1.808857808857807,111.5815,50.46471106915124,-1.7263904441955902,105.31,6112015,1788851778,2026-09-08T07:16:18Z,NYSE:DIS
27.754167793953595,-1.5456093289349582,-31.172196152095605,-1.808857808857807,111.5815,50.46471106915124,-1.7263904441955902,105.31,6112015,1788851958,2026-09-08T07:19:18Z,NYSE:DIS
27.754167793953595,-1.5456093289349582,-31.172196152095605,-1.808857808857807,111.5815,50.46471106915124,-1.7263904441955902,105.31,6112015,1788852142,2026-09-08T07:22:22Z,NYSE:DIS
27.754167793953595,-1.5456093289349582,-31.172196152095605,-1.808857808857807,111.5815,50.46471106915124,-1.7263904441955902,105.31,6112015,1788852322,2026-09-08T07:25:22Z,NYSE:DIS
27.754167793953595,-1.5456093289349582,-31.172196152095605,-1.808857808857807,111.5815,50.46471106915124,-1.7263904441955902,105.31,6112015,1788852497,2026-09-08T07:28:17Z,NYSE:DIS
27.754167793953595,-1.5456093289349582,-31.172196152095605,-1.808857808857807,111.5815,50.46471106915124,-1.7263904441955902,105.31,6112015,1788852681,2026-09-08T07:31:21Z,NYSE:DIS
27.754167793953595,-1.5456093289349582,-31.172196152095605,-1.808857808857807,111.5815,50.46471106915124,-1.7263904441955902,105.31,6112015,1788852861,2026-09-08T07:34:21Z,NYSE:DIS
27.754167793953595,-1.5456093289349582,-31.172196152095605,-1.808857808857807,111.5815,50.46471106915124,-1.7263904441955902,105.31,6112015,1788853042,2026-09-08T07:37:22Z,NYSE:DIS
27.754167793953595,-1.5456093289349582,-31.172196152095605,-1.808857808857807,111.5815,50.46471106915124,-1.7263904441955902,105.31,6112015,1788853222,2026-09-08T07:40:22Z,NYSE:DIS
27.754167793953595,-1.5456093289349582,-31.172196152095605,-1.808857808857807,111.5815,50.46471106915124,-1.7263904441955902,105.31,6112015,1788853402,2026-09-08T07:43:22Z,NYSE:DIS
27.754167793953595,-1.5456093289349582,-31.172196152095605,-1.808857808857807,111.5815,50.46471106915124,-1.7263904441955902,105.31,6112015,1788853575,2026-09-08T07:46:15Z,NYSE:DIS
27.754167793953595,-1.5456093289349582,-31.172196152095605,-1.808857808857807,111.5815,50.46471106915124,-1.7263904441955902,105.31,6112015,1788853760,2026-09-08T07:49:20Z,NYSE:DIS
27.754167793953595,-1.5456093289349582,-31.172196152095605,-1.808857808857807,111.5815,50.46471106915124,-1.7263904441955902,105.31,6112015,1788853937,2026-09-08T07:52:17Z,NYSE:DIS
27.754167793953595,-1.5456093289349582,-31.172196152095605,-1.808857808857807,111.5815,50.46471106915124,-1.7263904441955902,105.31,6112015,1788854120,2026-09-08T07:55:20Z,NYSE:DIS
27.754167793953595,-1.5456093289349582,-31.172196152095605,-1.808857808857807,111.5815,50.46471106915124,-1.7263904441955902,105.31,6112015,1788854299,2026-09-08T07:58:19Z,NYSE:DIS
27.754167793953595,-1.5456093289349582,-31.172196152095605,-1.808857808857807,111.5815,50.46471106915124,-1.7263904441955902,105.31,6112015,1788854484,2026-09-08T08:01:24Z,NYSE:DIS
27.754167793953595,-1.5456093289349582,-31.172196152095605,-1.808857808857807,111.5815,50.46471106915124,-1.7263904441955902,105.31,6112015,1788854660,2026-09-08T08:04:20Z,NYSE:DIS
27.754167793953595,-1.5456093289349582,-31.172196152095605,-1.808857808857807,111.5815,50.46471106915124,-1.7263904441955902,105.31,6112015,1788854836,2026-09-08T08:07:16Z,NYSE:DIS
27.754167793953595,-1.5456093289349582,-31.172196152095605,-1.808857808857807,111.5815,50.46471106915124,-1.7263904441955902,105.31,6112015,1788855018,2026-09-08T08:10:18Z,NYSE:DIS
27.754167793953595,-1.5456093289349582,-31.172196152095605,-1.808857808857807,111.5815,50.46471106915124,-1.7263904441955902,105.31,6112015,1788855200,2026-09-08T08:13:20Z,NYSE:DIS
27.754167793953595,-1.5456093289349582,-31.172196152095605,-1.808857808857807,111.5815,50.46471106915124,-1.7263904441955902,105.31,6112015,1788855382,2026-09-08T08:16:22Z,NYSE:DIS
27.754167793953595,-1.5456093289349582,-31.172196152095605,-1.808857808857807,111.5815,50.46471106915124,-1.7263904441955902,105.31,6112015,1788855559,2026-09-08T08:19:19Z,NYSE:DIS
27.754167793953595,-1.5456093289349582,-31.172196152095605,-1.808857808857807,111.5815,50.46471106915124,-1.7263904441955902,105.31,6112015,1788855743,2026-09-08T08:22:23Z,NYSE:DIS
27.754167793953595,-1.5456093289349582,-31.172196152095605,-1.808857808857807,111.5815,50.46471106915124,-1.7263904441955902,105.31,6112015,1788855918,2026-09-08T08:25:18Z,NYSE:DIS
27.754167793953595,-1.5456093289349582,-31.172196152095605,-1.808857808857807,111.5815,50.46471106915124,-1.7263904441955902,105.31,6112015,1788856100,2026-09-08T08:28:20Z,NYSE:DIS
27.754167793953595,-1.5456093289349582,-31.172196152095605,-1.808857808857807,111.5815,50.46471106915124,-1.7263904441955902,105.31,6112015,1788856275,2026-09-08T08:31:15Z,NYSE:DIS
27.754167793953595,-1.5456093289349582,-31.172196152095605,-1.808857808857807,111.5815,50.46471106915124,-1.7263904441955902,105.31,6112015,1788856462,2026-09-08T08:34:22Z,NYSE:DIS
27.754167793953595,-1.5456093289349582,-31.172196152095605,-1.808857808857807,111.5815,50.46471106915124,-1.7263904441955902,105.31,6112015,1788856634,2026-09-08T08:37:14Z,NYSE:DIS
27.754167793953595,-1.5456093289349582,-31.172196152095605,-1.808857808857807,111.5815,50.46471106915124,-1.7263904441955902,105.31,6112015,1788856817,2026-09-08T08:40:17Z,NYSE:DIS
27.754167793953595,-1.5456093289349582,-31.172196152095605,-1.808857808857807,111.5815,50.46471106915124,-1.7263904441955902,105.31,6112015,1788856996,2026-09-08T08:43:16Z,NYSE:DIS
27.754167793953595,-1.5456093289349582,-31.172196152095605,-1.808857808857807,111.5815,50.46471106915124,-1.7263904441955902,105.31,6112015,1788857184,2026-09-08T08:46:24Z,NYSE:DIS
27.754167793953595,-1.5456093289349582,-31.172196152095605,-1.808857808857807,111.5815,50.46471106915124,-1.7263904441955902,105.31,6112015,1788857359,2026-09-08T08:49:19Z,NYSE:DIS
27.754167793953595,-1.5456093289349582,-31.172196152095605,-1.808857808857807,111.5815,50.46471106915124,-1.7263904441955902,105.31,6112015,1788857532,2026-09-08T08:52:12Z,NYSE:DIS
27.754167793953595,-1.5456093289349582,-31.172196152095605,-1.808857808857807,111.5815,50.46471106915124,-1.7263904441955902,105.31,6112015,1788857719,2026-09-08T08:55:19Z,NYSE:DIS
27.754167793953595,-1.5456093289349582,-31.172196152095605,-1.808857808857807,111.5815,50.46471106915124,-1.7263904441955902,105.31,6112015,1788857903,2026-09-08T08:58:23Z,NYSE:DIS
27.754167793953595,-1.5456093289349582,-31.172196152095605,-1.808857808857807,111.5815,50.46471106915124,-1.7263904441955902,105.31,6112015,1788858084,2026-09-08T09:01:24Z,NYSE:DIS
27.754167793953595,-1.5456093289349582,-31.172196152095605,-1.808857808857807,111.5815,50.46471106915124,-1.7263904441955902,105.31,6112015,1788858261,2026-09-08T09:04:21Z,NYSE:DIS
27.754167793953595,-1.5456093289349582,-31.172196152095605,-1.808857808857807,111.5815,50.46471106915124,-1.7263904441955902,105.31,6112015,1788858436,2026-09-08T09:07:16Z,NYSE:DIS
27.754167793953595,-1.5456093289349582,-31.172196152095605,-1.808857808857807,111.5815,50.46471106915124,-1.7263904441955902,105.31,6112015,1788858622,2026-09-08T09:10:22Z,NYSE:DIS
27.754167793953595,-1.5456093289349582,-31.172196152095605,-1.808857808857807,111.5815,50.46471106915124,-1.7263904441955902,105.31,6112015,1788858797,2026-09-08T09:13:17Z,NYSE:DIS
27.754167793953595,-1.5456093289349582,-31.172196152095605,-1.808857808857807,111.5815,50.46471106915124,-1.7263904441955902,105.31,6112015,1788858977,2026-09-08T09:16:17Z,NYSE:DIS
27.754167793953595,-1.5456093289349582,-31.172196152095605,-1.808857808857807,111.5815,50.46471106915124,-1.7263904441955902,105.31,6112015,1788859158,2026-09-08T09:19:18Z,NYSE:DIS
27.754167793953595,-1.5456093289349582,-31.172196152095605,-1.808857808857807,111.5815,50.46471106915124,-1.7263904441955902,105.31,6112015,1788859342,2026-09-08T09:22:22Z,NYSE:DIS
27.754167793953595,-1.5456093289349582,-31.172196152095605,-1.808857808857807,111.5815,50.46471106915124,-1.7263904441955902,105.31,6112015,1788859520,2026-09-08T09:25:20Z,NYSE:DIS
27.754167793953595,-1.5456093289349582,-31.172196152095605,-1.808857808857807,111.5815,50.46471106915124,-1.7263904441955902,105.31,6112015,1788859702,2026-09-08T09:28:22Z,NYSE:DIS
27.754167793953595,-1.5456093289349582,-31.172196152095605,-1.808857808857807,111.5815,50.46471106915124,-1.7263904441955902,105.31,6112015,1788859875,2026-09-08T09:31:15Z,NYSE:DIS
27.754167793953595,-1.5456093289349582,-31.172196152095605,-1.808857808857807,111.5815,50.46471106915124,-1.7263904441955902,105.31,6112015,1788860057,2026-09-08T09:34:17Z,NYSE:DIS
27.754167793953595,-1.5456093289349582,-31.172196152095605,-1.808857808857807,111.5815,50.46471106915124,-1.7263904441955902,105.31,6112015,1788860237,2026-09-08T09:37:17Z,NYSE:DIS
27.754167793953595,-1.5456093289349582,-31.172196152095605,-1.808857808857807,111.5815,50.46471106915124,-1.7263904441955902,105.31,6112015,1788860424,2026-09-08T09:40:24Z,NYSE:DIS
27.754167793953595,-1.5456093289349582,-31.172196152095605,-1.808857808857807,111.5815,50.46471106915124,-1.7263904441955902,105.31,6112015,1788860598,2026-09-08T09:43:18Z,NYSE:DIS
27.754167793953595,-1.5456093289349582,-31.172196152095605,-1.808857808857807,111.5815,50.46471106915124,-1.7263904441955902,105.31,6112015,1788860779,2026-09-08T09:46:19Z,NYSE:DIS
27.754167793953595,-1.5456093289349582,-31.172196152095605,-1.808857808857807,111.5815,50.46471106915124,-1.7263904441955902,105.31,6112015,1788860959,2026-09-08T09:49:19Z,NYSE:DIS
27.754167793953595,-1.5456093289349582,-31.172196152095605,-1.808857808857807,111.5815,50.46471106915124,-1.7263904441955902,105.31,6112015,1788861138,2026-09-08T09:52:18Z,NYSE:DIS
27.754167793953595,-1.5456093289349582,-31.172196152095605,-1.808857808857807,111.5815,50.46471106915124,-1.7263904441955902,105.31,6112015,1788861319,2026-09-08T09:55:19Z,NYSE:DIS
27.754167793953595,-1.5456093289349582,-31.172196152095605,-1.808857808857807,111.5815,50.46471106915124,-1.7263904441955902,105.31,6112015,1788861499,2026-09-08T09:58:19Z,NYSE:DIS
27.754167793953595,-1.5456093289349582,-31.172196152095605,-1.808857808857807,111.5815,50.46471106915124,-1.7263904441955902,105.31,6112015,1788861682,2026-09-08T10:01:22Z,NYSE:DIS
27.754167793953595,-1.5456093289349582,-31.172196152095605,-1.808857808857807,111.5815,50.46471106915124,-1.7263904441955902,105.31,6112015,1788861855,2026-09-08T10:04:15Z,NYSE:DIS
27.754167793953595,-1.5456093289349582,-31.172196152095605,-1.808857808857807,111.5815,50.46471106915124,-1.7263904441955902,105.31,6112015,1788862035,2026-09-08T10:07:15Z,NYSE:DIS
27.754167793953595,-1.5456093289349582,-31.172196152095605,-1.808857808857807,111.5815,50.46471106915124,-1.7263904441955902,105.31,6112015,1788862221,2026-09-08T10:10:21Z,NYSE:DIS
27.754167793953595,-1.5456093289349582,-31.172196152095605,-1.808857808857807,111.5815,50.46471106915124,-1.7263904441955902,105.31,6112015,1788862401,2026-09-08T10:13:21Z,NYSE:DIS
27.754167793953595,-1.5456093289349582,-31.172196152095605,-1.808857808857807,111.5815,50.46471106915124,-1.7263904441955902,105.31,6112015,1788862578,2026-09-08T10:16:18Z,NYSE:DIS
27.754167793953595,-1.5456093289349582,-31.172196152095605,-1.808857808857807,111.5815,50.46471106915124,-1.7263904441955902,105.31,6112015,1788862759,2026-09-08T10:19:19Z,NYSE:DIS
27.754167793953595,-1.5456093289349582,-31.172196152095605,-1.808857808857807,111.5815,50.46471106915124,-1.7263904441955902,105.31,6112015,1788862937,2026-09-08T10:22:17Z,NYSE:DIS
27.754167793953595,-1.5456093289349582,-31.172196152095605,-1.808857808857807,111.5815,50.46471106915124,-1.7263904441955902,105.31,6112015,1788863121,2026-09-08T10:25:21Z,NYSE:DIS
27.754167793953595,-1.5456093289349582,-31.172196152095605,-1.808857808857807,111.5815,50.46471106915124,-1.7263904441955902,105.31,6112015,1788863295,2026-09-08T10:28:15Z,NYSE:DIS
27.754167793953595,-1.5456093289349582,-31.172196152095605,-1.808857808857807,111.5815,50.46471106915124,-1.7263904441955902,105.31,6112015,1788863477,2026-09-08T10:31:17Z,NYSE:DIS
27.754167793953595,-1.5456093289349582,-31.172196152095605,-1.808857808857807,111.5815,50.46471106915124,-1.7263904441955902,105.31,6112015,1788863661,2026-09-08T10:34:21Z,NYSE:DIS
27.754167793953595,-1.5456093289349582,-31.172196152095605,-1.808857808857807,111.5815,50.46471106915124,-1.7263904441955902,105.31,6112015,1788863841,2026-09-08T10:37:21Z,NYSE:DIS
27.754167793953595,-1.5456093289349582,-31.172196152095605,-1.808857808857807,111.5815,50.46471106915124,-1.7263904441955902,105.31,6112015,1788864017,2026-09-08T10:40:17Z,NYSE:DIS
27.754167793953595,-1.5456093289349582,-31.172196152095605,-1.808857808857807,111.5815,50.46471106915124,-1.7263904441955902,105.31,6112015,1788864199,2026-09-08T10:43:19Z,NYSE:DIS
27.754167793953595,-1.5456093289349582,-31.172196152095605,-1.808857808857807,111.5815,50.46471106915124,-1.7263904441955902,105.31,6112015,1788864382,2026-09-08T10:46:22Z,NYSE:DIS
27.754167793953595,-1.5456093289349582,-31.172196152095605,-1.808857808857807,111.5815,50.46471106915124,-1.7263904441955902,105.31,6112015,1788864560,2026-09-08T10:49:20Z,NYSE:DIS
27.754167793953595,-1.5456093289349582,-31.172196152095605,-1.808857808857807,111.5815,50.46471106915124,-1.7263904441955902,105.31,6112015,1788864735,2026-09-08T10:52:15Z,NYSE:DIS
27.754167793953595,-1.5456093289349582,-31.172196152095605,-1.808857808857807,111.5815,50.46471106915124,-1.7263904441955902,105.31,6112015,1788864921,2026-09-08T10:55:21Z,NYSE:DIS
27.754167793953595,-1.5456093289349582,-31.172196152095605,-1.808857808857807,111.5815,50.46471106915124,-1.7263904441955902,105.31,6112015,1788865099,2026-09-08T10:58:19Z,NYSE:DIS
27.754167793953595,-1.5456093289349582,-31.172196152095605,-1.808857808857807,111.5815,50.46471106915124,-1.7263904441955902,105.31,6112015,1788865282,2026-09-08T11:01:22Z,NYSE:DIS
27.754167793953595,-1.5456093289349582,-31.172196152095605,-1.808857808857807,111.5815,50.46471106915124,-1.7263904441955902,105.31,6112015,1788865454,2026-09-08T11:04:14Z,NYSE:DIS
27.754167793953595,-1.5456093289349582,-31.172196152095605,-1.808857808857807,111.5815,50.46471106915124,-1.7263904441955902,105.31,6112015,1788865644,2026-09-08T11:07:24Z,NYSE:DIS
27.754167793953595,-1.5456093289349582,-31.172196152095605,-1.808857808857807,111.5815,50.46471106915124,-1.7263904441955902,105.31,6112015,1788865820,2026-09-08T11:10:20Z,NYSE:DIS
27.754167793953595,-1.5456093289349582,-31.172196152095605,-1.808857808857807,111.5815,50.46471106915124,-1.7263904441955902,105.31,6112015,1788866002,2026-09-08T11:13:22Z,NYSE:DIS
27.754167793953595,-1.5456093289349582,-31.172196152095605,-1.808857808857807,111.5815,50.46471106915124,-1.7263904441955902,105.31,6112015,1788866179,2026-09-08T11:16:19Z,NYSE:DIS
27.754167793953595,-1.5456093289349582,-31.172196152095605,-1.808857808857807,111.5815,50.46471106915124,-1.7263904441955902,105.31,6112015,1788866360,2026-09-08T11:19:20Z,NYSE:DIS
27.754167793953595,-1.5456093289349582,-31.172196152095605,-1.808857808857807,111.5815,50.46471106915124,-1.7263904441955902,105.31,6112015,1788866540,2026-09-08T11:22:20Z,NYSE:DIS
27.754167793953595,-1.5456093289349582,-31.172196152095605,-1.808857808857807,111.5815,50.46471106915124,-1.7263904441955902,105.31,6112015,1788866729,2026-09-08T11:25:29Z,NYSE:DIS
27.754167793953595,-1.5456093289349582,-31.172196152095605,-1.808857808857807,111.5815,50.46471106915124,-1.7263904441955902,105.31,6112015,1788866902,2026-09-08T11:28:22Z,NYSE:DIS
27.754167793953595,-1.5456093289349582,-31.172196152095605,-1.808857808857807,111.5815,50.46471106915124,-1.7263904441955902,105.31,6112015,1788867081,2026-09-08T11:31:21Z,NYSE:DIS
27.754167793953595,-1.5456093289349582,-31.172196152095605,-1.808857808857807,111.5815,50.46471106915124,-1.7263904441955902,105.31,6112015,1788867255,2026-09-08T11:34:15Z,NYSE:DIS
27.754167793953595,-1.5456093289349582,-31.172196152095605,-1.808857808857807,111.5815,50.46471106915124,-1.7263904441955902,105.31,6112015,1788867438,2026-09-08T11:37:18Z,NYSE:DIS
27.754167793953595,-1.5456093289349582,-31.172196152095605,-1.808857808857807,111.5815,50.46471106915124,-1.7263904441955902,105.31,6112015,1788867621,2026-09-08T11:40:21Z,NYSE:DIS
27.754167793953595,-1.5456093289349582,-31.172196152095605,-1.808857808857807,111.5815,50.46471106915124,-1.7263904441955902,105.31,6112015,1788867796,2026-09-08T11:43:16Z,NYSE:DIS
27.754167793953595,-1.5456093289349582,-31.172196152095605,-1.808857808857807,111.5815,50.46471106915124,-1.7263904441955902,105.31,6112015,1788867980,2026-09-08T11:46:20Z,NYSE:DIS
27.754167793953595,-1.5456093289349582,-31.172196152095605,-1.808857808857807,111.5815,50.46471106915124,-1.7263904441955902,105.31,6112015,1788868158,2026-09-08T11:49:18Z,NYSE:DIS
27.754167793953595,-1.5456093289349582,-31.172196152095605,-1.808857808857807,111.5815,50.46471106915124,-1.7263904441955902,105.31,6112015,1788868338,2026-09-08T11:52:18Z,NYSE:DIS
27.754167793953595,-1.5456093289349582,-31.172196152095605,-1.808857808857807,111.5815,50.46471106915124,-1.7263904441955902,105.31,6112015,1788868519,2026-09-08T11:55:19Z,NYSE:DIS
27.754167793953595,-1.5456093289349582,-31.172196152095605,-1.808857808857807,111.5815,50.46471106915124,-1.7263904441955902,105.31,6112015,1788868701,2026-09-08T11:58:21Z,NYSE:DIS
27.754167793953595,-1.5456093289349582,-31.172196152095605,-1.808857808857807,111.5815,50.46471106915124,-1.7263904441955902,105.31,6112015,1788868874,2026-09-08T12:01:14Z,NYSE:DIS
27.754167793953595,-1.5456093289349582,-31.172196152095605,-1.808857808857807,111.5815,50.46471106915124,-1.7263904441955902,105.31,6112015,1788869058,2026-09-08T12:04:18Z,NYSE:DIS
27.754167793953595,-1.5456093289349582,-31.172196152095605,-1.808857808857807,111.5815,50.46471106915124,-1.7263904441955902,105.31,6112015,1788869237,2026-09-08T12:07:17Z,NYSE:DIS
27.754167793953595,-1.5456093289349582,-31.172196152095605,-1.808857808857807,111.5815,50.46471106915124,-1.7263904441955902,105.31,6112015,1788869419,2026-09-08T12:10:19Z,NYSE:DIS
27.754167793953595,-1.5456093289349582,-31.172196152095605,-1.808857808857807,111.5815,50.46471106915124,-1.7263904441955902,105.31,6112015,1788869598,2026-09-08T12:13:18Z,NYSE:DIS
27.754167793953595,-1.5456093289349582,-31.172196152095605,-1.808857808857807,111.5815,50.46471106915124,-1.7263904441955902,105.31,6112015,1788869774,2026-09-08T12:16:14Z,NYSE:DIS
27.754167793953595,-1.5456093289349582,-31.172196152095605,-1.808857808857807,111.5815,50.46471106915124,-1.7263904441955902,105.31,6112015,1788869961,2026-09-08T12:19:21Z,NYSE:DIS
27.754167793953595,-1.5456093289349582,-31.172196152095605,-1.808857808857807,111.5815,50.46471106915124,-1.7263904441955902,105.31,6112015,1788870141,2026-09-08T12:22:21Z,NYSE:DIS
27.754167793953595,-1.5456093289349582,-31.172196152095605,-1.808857808857807,111.5815,50.46471106915124,-1.7263904441955902,105.31,6112015,1788870315,2026-09-08T12:25:15Z,NYSE:DIS
27.754167793953595,-1.5456093289349582,-31.172196152095605,-1.808857808857807,111.5815,50.46471106915124,-1.7263904441955902,105.31,6112015,1788870505,2026-09-08T12:28:25Z,NYSE:DIS
27.754167793953595,-1.5456093289349582,-31.172196152095605,-1.808857808857807,111.5815,50.46471106915124,-1.7263904441955902,105.31,6112015,1788870678,2026-09-08T12:31:18Z,NYSE:DIS
27.754167793953595,-1.5456093289349582,-31.172196152095605,-1.808857808857807,111.5815,50.46471106915124,-1.7263904441955902,105.31,6112015,1788870862,2026-09-08T12:34:22Z,NYSE:DIS
27.754167793953595,-1.5456093289349582,-31.172196152095605,-1.808857808857807,111.5815,50.46471106915124,-1.7263904441955902,105.31,6112015,1788871035,2026-09-08T12:37:15Z,NYSE:DIS
27.754167793953595,-1.5456093289349582,-31.172196152095605,-1.808857808857807,111.5815,50.46471106915124,-1.7263904441955902,105.31,6112015,1788871221,2026-09-08T12:40:21Z,NYSE:DIS
27.754167793953595,-1.5456093289349582,-31.172196152095605,-1.808857808857807,111.5815,50.46471106915124,-1.7263904441955902,105.31,6112015,1788871397,2026-09-08T12:43:17Z,NYSE:DIS
27.754167793953595,-1.5456093289349582,-31.172196152095605,-1.808857808857807,111.5815,50.46471106915124,-1.7263904441955902,105.31,6112015,1788871584,2026-09-08T12:46:24Z,NYSE:DIS
27.754167793953595,-1.5456093289349582,-31.172196152095605,-1.808857808857807,111.5815,50.46471106915124,-1.7263904441955902,105.31,6112015,1788871761,2026-09-08T12:49:21Z,NYSE:DIS
27.754167793953595,-1.5456093289349582,-31.172196152095605,-1.808857808857807,111.5815,50.46471106915124,-1.7263904441955902,105.31,6112015,1788871940,2026-09-08T12:52:20Z,NYSE:DIS
27.754167793953595,-1.5456093289349582,-31.172196152095605,-1.808857808857807,111.5815,50.46471106915124,-1.7263904441955902,105.31,6112015,1788872119,2026-09-08T12:55:19Z,NYSE:DIS
27.754167793953595,-1.5456093289349582,-31.172196152095605,-1.808857808857807,111.5815,50.46471106915124,-1.7263904441955902,105.31,6112015,1788872300,2026-09-08T12:58:20Z,NYSE:DIS
27.754167793953595,-1.5456093289349582,-31.172196152095605,-1.808857808857807,111.5815,50.46471106915124,-1.7263904441955902,105.31,6112015,1788872479,2026-09-08T13:01:19Z,NYSE:DIS
27.754167793953595,-1.5456093289349582,-31.172196152095605,-1.808857808857807,111.5815,50.46471106915124,-1.7263904441955902,105.31,6112015,1788872662,2026-09-08T13:04:22Z,NYSE:DIS
27.754167793953595,-1.5456093289349582,-31.172196152095605,-1.808857808857807,111.5815,50.46471106915124,-1.7263904441955902,105.31,6112015,1788872839,2026-09-08T13:07:19Z,NYSE:DIS
27.754167793953595,-1.5456093289349582,-31.172196152095605,-1.808857808857807,111.5815,50.46471106915124,-1.7263904441955902,105.31,6112015,1788873018,2026-09-08T13:10:18Z,NYSE:DIS
27.754167793953595,-1.5456093289349582,-31.172196152095605,-1.808857808857807,111.5815,50.46471106915124,-1.7263904441955902,105.31,6112015,1788873198,2026-09-08T13:13:18Z,NYSE:DIS
27.754167793953595,-1.5456093289349582,-31.172196152095605,-1.808857808857807,111.5815,50.46471106915124,-1.7263904441955902,105.31,6112015,1788873380,2026-09-08T13:16:20Z,NYSE:DIS
27.754167793953595,-1.5456093289349582,-31.172196152095605,-1.808857808857807,111.5815,50.46471106915124,-1.7263904441955902,105.31,6112015,1788873560,2026-09-08T13:19:20Z,NYSE:DIS
27.754167793953595,-1.5456093289349582,-31.172196152095605,-1.808857808857807,111.5815,50.46471106915124,-1.7263904441955902,105.31,6112015,1788873739,2026-09-08T13:22:19Z,NYSE:DIS
27.754167793953595,-1.5456093289349582,-31.172196152095605,-1.808857808857807,111.5815,50.46471106915124,-1.7263904441955902,105.31,6112015,1788873914,2026-09-08T13:25:14Z,NYSE:DIS
27.754167793953595,-1.5456093289349582,-31.172196152095605,-1.808857808857807,111.5815,50.46471106915124,-1.7263904441955902,105.31,6112015,1788874095,2026-09-08T13:28:15Z,NYSE:DIS
27.754167793953595,-1.5456093289349582,-31.172196152095605,-1.808857808857807,111.5815,50.46471106915124,-1.7263904441955902,105.31,6112015,1788874276,2026-09-08T13:31:16Z,NYSE:DIS
27.754167793953595,-1.5456093289349582,-31.172196152095605,-1.808857808857807,111.5815,50.46471106915124,-1.7263904441955902,105.31,6112015,1788874458,2026-09-08T13:34:18Z,NYSE:DIS
27.754167793953595,-1.5456093289349582,-31.172196152095605,-1.808857808857807,111.5815,50.46471106915124,-1.7263904441955902,105.31,6112015,1788874642,2026-09-08T13:37:22Z,NYSE:DIS
27.754167793953595,-1.5456093289349582,-31.172196152095605,-1.808857808857807,111.5815,50.46471106915124,-1.7263904441955902,105.31,6112015,1788874819,2026-09-08T13:40:19Z,NYSE:DIS
27.754167793953595,-1.5456093289349582,-31.172196152095605,-1.808857808857807,111.5815,50.46471106915124,-1.7263904441955902,105.31,6112015,1788874996,2026-09-08T13:43:16Z,NYSE:DIS
26.37294123328414,-3.854522281944256,-78.8512702601225,-2.472025363670269,111.5815,48.61470544701682,-0.6846453328268955,104.589,103917,1788875182,2026-09-08T13:46:22Z,NYSE:DIS
26.214243460743887,-3.71980799622996,-81.28048822520286,-2.732189481536733,111.5815,47.93471263207429,-0.949577438040072,104.31,361345,1788875360,2026-09-08T13:49:20Z,NYSE:DIS
26.1557361184976,-3.7572365676585378,-85.20458676293408,-2.969041402461766,111.5815,47.331985281667805,-1.1907701073022552,104.056,456477,1788875537,2026-09-08T13:52:17Z,NYSE:DIS
26.105928576992344,-3.8305222819442406,-87.0381331754951,-3.0399104811637367,111.5815,47.154576751474536,-1.2629379925932942,103.98,552745,1788875721,2026-09-08T13:55:21Z,NYSE:DIS
26.00066349553606,-4.056950853372825,-88.42784377722877,-2.9699738903394146,111.5815,47.32964229252218,-1.1917196847402862,104.055,638051,1788875898,2026-09-08T13:58:18Z,NYSE:DIS
26.00066349553606,-4.129807996229971,-85.69844222788791,-2.732189481536733,111.5815,47.93471263207429,-0.949577438040072,104.31,713820,1788876081,2026-09-08T14:01:21Z,NYSE:DIS
26.00066349553606,-4.17552228194424,-83.97870927867403,-2.582991421111522,111.5815,48.32232737559244,-0.7976450479536639,104.47,769064,1788876256,2026-09-08T14:04:16Z,NYSE:DIS
26.00066349553606,-4.124093710515695,-85.913019340311,-2.7508392390898813,111.5815,47.88669758651715,-0.96856898680087,104.29,861415,1788876438,2026-09-08T14:07:18Z,NYSE:DIS
26.00066349553606,-4.186950853372821,-83.54790855083803,-2.5456919060052123,111.5815,48.42021253664235,-0.7596619504320551,104.51,911688,1788876618,2026-09-08T14:10:18Z,NYSE:DIS
26.00066349553606,-4.241236567658547,-81.4968477461034,-2.3685192092502723,111.5815,48.89063527591636,-0.5792422372044435,104.7,973606,1788876800,2026-09-08T14:13:20Z,NYSE:DIS
26.00066349553606,-4.209807996229955,-82.68526316353689,-2.471092875792607,111.5815,48.51849506899665,-0.6836957553888509,104.59,1029260,1788876982,2026-09-08T14:16:22Z,NYSE:DIS
26.00066349553606,-4.134093710515685,-85.53745267351803,-2.7182021633718687,111.5815,47.970787152451926,-0.9353337764694704,104.325,1097330,1788877161,2026-09-08T14:19:21Z,NYSE:DIS
26.00066349553606,-4.198379424801402,-83.11675998627348,-2.5083923908989165,111.5815,48.51849506899665,-0.7216788529104597,104.55,1159496,1788877337,2026-09-08T14:22:17Z,NYSE:DIS
26.00066349553606,-4.186950853372821,-83.54790855083803,-2.5456919060052123,111.5815,48.42021253664235,-0.7596619504320551,104.51,1203882,1788877522,2026-09-08T14:25:22Z,NYSE:DIS
26.00066349553606,-4.168379424801401,-84.24778328472343,-2.606303618052967,111.5815,48.2613498705759,-0.821384483904671,104.445,1242775,1788877698,2026-09-08T14:28:18Z,NYSE:DIS
26.00066349553606,-4.178379424801392,-83.87104168338557,-2.573666542334941,111.5815,48.34676154415588,-0.7881492735732583,104.48,1289752,1788877877,2026-09-08T14:31:17Z,NYSE:DIS
26.00066349553606,-4.146950853372829,-85.0541920721876,-2.676240208877276,111.5815,48.07933723665918,-0.8926027917576657,104.37,1376420,1788878061,2026-09-08T14:34:21Z,NYSE:DIS
26.00066349553606,-4.168379424801401,-84.24778328472343,-2.606303618052967,111.5815,48.2613498705759,-0.821384483904671,104.445,1421775,1788878237,2026-09-08T14:37:17Z,NYSE:DIS
26.00066349553606,-4.17552228194424,-83.97870927867403,-2.582991421111522,111.5815,48.32232737559244,-0.7976450479536639,104.47,1466446,1788878423,2026-09-08T14:40:23Z,NYSE:DIS
26.00066349553606,-4.178379424801392,-83.87104168338557,-2.573666542334941,111.5815,48.34676154415588,-0.7881492735732583,104.48,1483830,1788878596,2026-09-08T14:43:16Z,NYSE:DIS
26.00066349553606,-4.229807996229965,-81.92930445745797,-2.405818724356582,111.5815,48.790840844497495,-0.6172253347260523,104.66,1527442,1788878783,2026-09-08T14:46:23Z,NYSE:DIS
26.00066349553606,-4.201236567658526,-83.00891844627036,-2.499067512122336,111.5815,48.54312807505796,-0.712183078530054,104.56,1573618,1788878960,2026-09-08T14:49:20Z,NYSE:DIS
26.00066349553606,-4.208379424801393,-82.73921932616913,-2.475755315180904,111.5815,48.60482015907063,-0.6884436425790604,104.585,1611842,1788879141,2026-09-08T14:52:21Z,NYSE:DIS
26.00066349553606,-4.21552228194426,-82.469384023466,-2.452443118239459,111.5815,48.6666692480545,-0.6647042066280532,104.61,1632046,1788879316,2026-09-08T14:55:16Z,NYSE:DIS
26.00066349553606,-4.222122281944252,-82.21993506330365,-2.430902648265569,111.5815,48.72395788598992,-0.642768967809328,104.6331,1681646,1788879497,2026-09-08T14:58:17Z,NYSE:DIS
26.00066349553606,-4.2112365676585455,-82.63130155277516,-2.4664304364043232,111.5815,48.629540920529024,-0.6789478681986548,104.595,1696336,1788879682,2026-09-08T15:01:22Z,NYSE:DIS
26.00066349553606,-4.256950853372814,-80.90164845058493,-2.317232375979112,111.5815,49.02852106112999,-0.5270154781122466,104.755,1719873,1788879858,2026-09-08T15:04:18Z,NYSE:DIS
26.00066349553606,-4.261236567658528,-80.73920643204585,-2.303245057814248,111.5815,49.06626136161065,-0.5127718165416448,104.77,1740586,1788880037,2026-09-08T15:07:17Z,NYSE:DIS
26.00066349553606,-4.2526651390871,-81.06404119008049,-2.3312196941439765,111.5815,48.99083877344798,-0.5412591396828481,104.74,1763950,1788880245,2026-09-08T15:10:45Z,NYSE:DIS
26.00066349553606,-4.218379424801384,-82.36141174814861,-2.443118239462878,111.5815,48.69145297936526,-0.6552084322476477,104.62,1785966,1788880398,2026-09-08T15:13:18Z,NYSE:DIS
26.00066349553606,-4.209807996229955,-82.68526316353689,-2.471092875792607,111.5815,48.61717739730968,-0.6836957553888509,104.59,1808179,1788880578,2026-09-08T15:16:18Z,NYSE:DIS
26.00066349553606,-4.202665139087117,-82.95498951190902,-2.494405072734052,111.5815,48.55545396016638,-0.707435191339858,104.565,1825336,1788880760,2026-09-08T15:19:20Z,NYSE:DIS
26.00066349553606,-4.212665139087108,-82.57733449305944,-2.4617679970160395,111.5815,48.6419107335248,-0.6741999810084588,104.6,1840991,1788880938,2026-09-08T15:22:18Z,NYSE:DIS
26.00066349553606,-4.208379424801393,-82.73921932616913,-2.475755315180904,111.5815,48.60482015907063,-0.6884436425790604,104.585,1858230,1788881121,2026-09-08T15:25:21Z,NYSE:DIS
26.00066349553606,-4.222665139087098,-82.1994124349875,-2.4291309212980137,111.5815,48.72867594213438,-0.640964770677046,104.635,1870620,1788881299,2026-09-08T15:28:19Z,NYSE:DIS
26.00066349553606,-4.238379424801394,-81.60499470530596,-2.377844088026853,111.5815,48.86564841611237,-0.5887380115848491,104.69,1893413,1788881479,2026-09-08T15:31:19Z,NYSE:DIS
26.00066349553606,-4.222665139087098,-82.1994124349875,-2.4291309212980137,111.5815,48.72867594213438,-0.640964770677046,104.635,1931226,1788881662,2026-09-08T15:34:22Z,NYSE:DIS
26.00066349553606,-4.226950853372813,-82.03736402177039,-2.415143603133149,111.5815,48.76595585982631,-0.6267211091064444,104.65,1952582,1788881836,2026-09-08T15:37:16Z,NYSE:DIS
26.00066349553606,-4.189807996229973,-83.44015403584099,-2.536367027228645,111.5815,48.44474582179399,-0.7501661760516629,104.52,1973808,1788882018,2026-09-08T15:40:18Z,NYSE:DIS
26.00066349553606,-4.192665139087097,-83.3323777744713,-2.527042148452064,111.5815,48.46930398032649,-0.7406704016712573,104.53,1996478,1788882198,2026-09-08T15:43:18Z,NYSE:DIS
26.00066349553606,-4.208379424801393,-82.73921932616913,-2.475755315180904,111.5815,48.60482015907063,-0.6884436425790604,104.585,2016079,1788882380,2026-09-08T15:46:20Z,NYSE:DIS
26.00066349553606,-4.228379424801403,-81.98333696904928,-2.410481163744865,111.5815,48.77839517830584,-0.6219732219162484,104.655,2040269,1788882557,2026-09-08T15:49:17Z,NYSE:DIS
26.00066349553606,-4.205522281944241,-82.84711531034804,-2.485080193957472,111.5815,48.58012451837357,-0.6979394169594525,104.575,2070715,1788882741,2026-09-08T15:52:21Z,NYSE:DIS
26.00066349553606,-4.201236567658526,-83.00891844627036,-2.499067512122336,111.5815,48.54312807505796,-0.712183078530054,104.56,2093795,1788882916,2026-09-08T15:55:16Z,NYSE:DIS
26.00066349553606,-4.206950853372831,-82.79317004149773,-2.480417754569188,111.5815,48.59246920102073,-0.6931915297692565,104.58,2115052,1788883098,2026-09-08T15:58:18Z,NYSE:DIS
26.00066349553606,-4.17552228194424,-83.97870927867403,-2.582991421111522,111.5815,48.32232737559244,-0.7976450479536639,104.47,2133133,1788883281,2026-09-08T16:01:21Z,NYSE:DIS
26.00066349553606,-4.168379424801401,-84.24778328472343,-2.606303618052967,111.5815,48.2613498705759,-0.821384483904671,104.445,2150905,1788883454,2026-09-08T16:04:14Z,NYSE:DIS
26.00066349553606,-4.1726651390871154,-84.08635516046854,-2.592316299888102,111.5815,48.29791789232298,-0.8071408223340694,104.46,2164287,1788883641,2026-09-08T16:07:21Z,NYSE:DIS
26.00066349553606,-4.181236567658544,-83.7633523680335,-2.564341663558374,111.5815,48.37122043547856,-0.7786534991928662,104.49,2179013,1788883822,2026-09-08T16:10:22Z,NYSE:DIS
26.00066349553606,-4.17835085337282,-83.87211846684252,-2.5737597911227104,111.5815,48.34651708015508,-0.7882442313170654,104.4799,2196982,1788883999,2026-09-08T16:13:19Z,NYSE:DIS
26.00066349553606,-4.141236567658524,-85.26902864608347,-2.694889966430437,111.5815,48.03103216605101,-0.9115943405184768,104.35,2230514,1788884178,2026-09-08T16:16:18Z,NYSE:DIS
26.00066349553606,-4.149836567658525,-84.94566669970779,-2.66682208131294,111.5815,48.10376823860372,-0.8830120596334664,104.3801,2251254,1788884360,2026-09-08T16:19:20Z,NYSE:DIS
26.00066349553606,-4.154093710515667,-84.78552457904425,-2.652928011935844,111.5815,48.13985538004298,-0.8688633558066718,104.395,2271610,1788884539,2026-09-08T16:22:19Z,NYSE:DIS
26.00066349553606,-4.1598365676585445,-84.56941772487713,-2.6341850055949267,111.5815,48.18862256475296,-0.8497768493020671,104.4151,2291873,1788884719,2026-09-08T16:25:19Z,NYSE:DIS
26.00066349553606,-4.161950853372815,-84.4898339434709,-2.627284595300257,111.5815,48.20660154609471,-0.8427499762605668,104.4225,2312269,1788884903,2026-09-08T16:28:23Z,NYSE:DIS
26.00066349553606,-4.146950853372829,-85.0541920721876,-2.676240208877276,111.5815,48.07933723665918,-0.8926027917576657,104.37,2350324,1788885081,2026-09-08T16:31:21Z,NYSE:DIS
26.00066349553606,-4.152665139087105,-84.83926890654952,-2.657590451324128,111.5815,48.12773956642649,-0.873611242996868,104.39,2371459,1788885255,2026-09-08T16:34:15Z,NYSE:DIS
26.00066349553606,-4.166950853372811,-84.30158180984195,-2.6109660574412508,111.5815,48.24917283218308,-0.826132371094867,104.44,2388866,1788885439,2026-09-08T16:37:19Z,NYSE:DIS
26.00066349553606,-4.188379424801383,-83.4940340112245,-2.5410294666169286,111.5815,48.43247607240798,-0.754914063241859,104.515,2402405,1788885617,2026-09-08T16:40:17Z,NYSE:DIS
26.00066349553606,-4.198379424801402,-83.11675998627348,-2.5083923908989165,111.5815,48.51849506899665,-0.7216788529104597,104.55,2427455,1788885803,2026-09-08T16:43:23Z,NYSE:DIS
26.00066349553606,-4.224093710515689,-82.14540175391252,-2.42446848190973,111.5815,48.74109624658822,-0.6362168834868499,104.64,2461059,1788885981,2026-09-08T16:46:21Z,NYSE:DIS
26.00066349553606,-4.212665139087108,-82.57733449305944,-2.4617679970160395,111.5815,48.6419107335248,-0.6741999810084588,104.6,2475904,1788886156,2026-09-08T16:49:16Z,NYSE:DIS
26.00066349553606,-4.204093710515679,-82.90105513354362,-2.4897426333457684,111.5815,48.56778610634765,-0.702687304149662,104.57,2496381,1788886336,2026-09-08T16:52:16Z,NYSE:DIS
26.00066349553606,-4.198379424801402,-83.11675998627348,-2.5083923908989165,111.5815,48.51849506899665,-0.7216788529104597,104.55,2510315,1788886516,2026-09-08T16:55:16Z,NYSE:DIS
26.00066349553606,-4.21552228194426,-82.469384023466,-2.452443118239459,111.5815,48.6666692480545,-0.6647042066280532,104.61,2524611,1788886701,2026-09-08T16:58:21Z,NYSE:DIS
26.00066349553606,-4.196950853372812,-83.17067259356261,-2.5130548302872,111.5815,48.506187938524434,-0.7264267401006558,104.545,2536104,1788886879,2026-09-08T17:01:19Z,NYSE:DIS
26.00066349553606,-4.19552228194425,-83.22457976014354,-2.517717269675484,111.5815,48.49388705008628,-0.7311746272908518,104.54,2554147,1788887059,2026-09-08T17:04:19Z,NYSE:DIS
26.00066349553606,-4.189807996229973,-83.44015403584099,-2.536367027228645,111.5815,48.44474582179399,-0.7501661760516629,104.52,2576699,1788887238,2026-09-08T17:07:18Z,NYSE:DIS
26.00066349553606,-4.194093710515688,-83.27848148683859,-2.5223797090637805,111.5815,48.48159239893455,-0.7359225144810613,104.535,2590715,1788887420,2026-09-08T17:10:20Z,NYSE:DIS
26.00066349553606,-4.209807996229955,-82.68526316353689,-2.471092875792607,111.5815,48.61717739730968,-0.6836957553888509,104.59,2606233,1788887603,2026-09-08T17:13:23Z,NYSE:DIS
26.00066349553606,-4.2140937105156695,-82.52336198356488,-2.4571055576277425,111.5815,48.65428684109803,-0.6694520938182492,104.605,2615987,1788887779,2026-09-08T17:16:19Z,NYSE:DIS
26.00066349553606,-4.222665139087098,-82.1994124349875,-2.4291309212980137,111.5815,48.72867594213438,-0.640964770677046,104.635,2636055,1788887962,2026-09-08T17:19:22Z,NYSE:DIS
26.00066349553606,-4.221236567658536,-82.25341766050131,-2.4337933606863107,111.5815,48.71626196600197,-0.6457126578672556,104.63,2647413,1788888139,2026-09-08T17:22:19Z,NYSE:DIS
26.00066349553606,-4.216950853372822,-82.41540061193528,-2.447780678851175,111.5815,48.67905795920501,-0.6599563194378572,104.615,2659182,1788888316,2026-09-08T17:25:16Z,NYSE:DIS
26.00066349553606,-4.219807996229974,-82.30741743127994,-2.4384558000745944,111.5815,48.70385431335574,-0.6504605450574517,104.625,2674745,1788888504,2026-09-08T17:28:24Z,NYSE:DIS
26.00066349553606,-4.209807996229955,-82.68526316353689,-2.471092875792607,111.5815,48.61717739730968,-0.6836957553888509,104.59,2689609,1788888680,2026-09-08T17:31:20Z,NYSE:DIS
26.00066349553606,-4.201236567658526,-83.00891844627036,-2.499067512122336,111.5815,48.54312807505796,-0.712183078530054,104.56,2701767,1788888857,2026-09-08T17:34:17Z,NYSE:DIS
26.00066349553606,-4.19552228194425,-83.22457976014354,-2.517717269675484,111.5815,48.49388705008628,-0.7311746272908518,104.54,2711191,1788889040,2026-09-08T17:37:20Z,NYSE:DIS
26.00066349553606,-4.186950853372821,-83.54790855083803,-2.5456919060052123,111.5815,48.42021253664235,-0.7596619504320551,104.51,2727453,1788889221,2026-09-08T17:40:21Z,NYSE:DIS
26.00066349553606,-4.184093710515668,-83.65564132604173,-2.555016784781793,111.5815,48.39570408710168,-0.7691577248124606,104.5,2736613,1788889399,2026-09-08T17:43:19Z,NYSE:DIS
26.00066349553606,-4.198379424801402,-83.11675998627348,-2.5083923908989165,111.5815,48.51849506899665,-0.7216788529104597,104.55,2753708,1788889576,2026-09-08T17:46:16Z,NYSE:DIS
26.00066349553606,-4.21552228194426,-82.469384023466,-2.452443118239459,111.5815,48.6666692480545,-0.6647042066280532,104.61,2773442,1788889760,2026-09-08T17:49:20Z,NYSE:DIS
26.00066349553606,-4.2140937105156695,-82.52336198356488,-2.4571055576277425,111.5815,48.65428684109803,-0.6694520938182492,104.605,2793134,1788889938,2026-09-08T17:52:18Z,NYSE:DIS
26.00066349553606,-4.218379424801384,-82.36141174814861,-2.443118239462878,111.5815,48.69145297936526,-0.6552084322476477,104.62,2809579,1788890122,2026-09-08T17:55:22Z,NYSE:DIS
26.00066349553606,-4.226950853372813,-82.03736402177039,-2.415143603133149,111.5815,48.76595585982631,-0.6267211091064444,104.65,2828064,1788890298,2026-09-08T17:58:18Z,NYSE:DIS
26.00066349553606,-4.212665139087108,-82.57733449305944,-2.4617679970160395,111.5815,48.6419107335248,-0.6741999810084588,104.6,2854471,1788890478,2026-09-08T18:01:18Z,NYSE:DIS
26.00066349553606,-4.206950853372831,-82.79317004149773,-2.480417754569188,111.5815,48.59246920102073,-0.6931915297692565,104.58,2868798,1788890662,2026-09-08T18:04:22Z,NYSE:DIS
26.00066349553606,-4.229807996229965,-81.92930445745797,-2.405818724356582,111.5815,48.790840844497495,-0.6172253347260523,104.66,2880657,1788890843,2026-09-08T18:07:23Z,NYSE:DIS
26.00066349553606,-4.221236567658536,-82.25341766050131,-2.4337933606863107,111.5815,48.71626196600197,-0.6457126578672556,104.63,2893057,1788891017,2026-09-08T18:10:17Z,NYSE:DIS
26.00066349553606,-4.21552228194426,-82.469384023466,-2.452443118239459,111.5815,48.6666692480545,-0.6647042066280532,104.61,2910181,1788891206,2026-09-08T18:13:26Z,NYSE:DIS
26.00066349553606,-4.212665139087108,-82.57733449305944,-2.4617679970160395,111.5815,48.6419107335248,-0.6741999810084588,104.6,2927865,1788891377,2026-09-08T18:16:17Z,NYSE:DIS
26.00066349553606,-4.201236567658526,-83.00891844627036,-2.499067512122336,111.5815,48.54312807505796,-0.712183078530054,104.56,2940799,1788891556,2026-09-08T18:19:16Z,NYSE:DIS
26.00066349553606,-4.19552228194425,-83.22457976014354,-2.517717269675484,111.5815,48.49388705008628,-0.7311746272908518,104.54,2954820,1788891738,2026-09-08T18:22:18Z,NYSE:DIS
26.00066349553606,-4.151236567658543,-84.89300781879723,-2.6622528907124114,111.5815,48.115629849878765,-0.878359130187064,104.385,2975609,1788891919,2026-09-08T18:25:19Z,NYSE:DIS
26.00066349553606,-4.142665139087114,-85.21532761772352,-2.6902275270421403,111.5815,48.04309933169242,-0.9068464533282672,104.355,3005935,1788892098,2026-09-08T18:28:18Z,NYSE:DIS
26.00066349553606,-4.152665139087105,-84.83926890654952,-2.657590451324128,111.5815,48.12773956642649,-0.873611242996868,104.39,3044241,1788892281,2026-09-08T18:31:21Z,NYSE:DIS
26.00066349553606,-4.155522281944258,-84.73177483546401,-2.648265572547547,111.5815,48.15197729533409,-0.8641154686164625,104.4,3062083,1788892459,2026-09-08T18:34:19Z,NYSE:DIS
26.00066349553606,-4.164093710515687,-84.40916259054951,-2.620290936217818,111.5815,48.22483718075964,-0.8356281454752592,104.43,3114595,1788892642,2026-09-08T18:37:22Z,NYSE:DIS
26.00066349553606,-4.165522281944249,-84.35537491151024,-2.6156284968295345,111.5815,48.23700193712693,-0.8308802582850631,104.435,3125139,1788892817,2026-09-08T18:40:17Z,NYSE:DIS
26.00066349553606,-4.166950853372811,-84.30158180984195,-2.6109660574412508,111.5815,48.24917283218308,-0.826132371094867,104.44,3141548,1788892996,2026-09-08T18:43:16Z,NYSE:DIS
26.00066349553606,-4.166950853372811,-84.30158180984195,-2.6109660574412508,111.5815,48.24917283218308,-0.826132371094867,104.44,3162490,1788893181,2026-09-08T18:46:21Z,NYSE:DIS
26.00066349553606,-4.158379424801382,-84.62425909680516,-2.63894069377098,111.5815,48.17623944938662,-0.8546196942360704,104.41,3182188,1788893359,2026-09-08T18:49:19Z,NYSE:DIS
26.00066349553606,-4.158379424801382,-84.62425909680516,-2.63894069377098,111.5815,48.17623944938662,-0.8546196942360704,104.41,3199791,1788893541,2026-09-08T18:52:21Z,NYSE:DIS
26.00066349553606,-4.148379424801391,-85.00046940079868,-2.671577769488992,111.5815,48.09142868958935,-0.8878549045674696,104.375,3216088,1788893721,2026-09-08T18:55:21Z,NYSE:DIS
26.00066349553606,-4.147065139087118,-85.04989445764747,-2.6758672137262134,111.5815,48.08030432913699,-0.8922229607824504,104.3704,3234886,1788893896,2026-09-08T18:58:16Z,NYSE:DIS
26.00066349553606,-4.178379424801392,-83.87104168338557,-2.573666542334941,111.5815,48.34676154415588,-0.7881492735732583,104.48,3271634,1788894080,2026-09-08T19:01:20Z,NYSE:DIS
26.00066349553606,-4.1726651390871154,-84.08635516046854,-2.592316299888102,111.5815,48.29791789232298,-0.8071408223340694,104.46,3297802,1788894259,2026-09-08T19:04:19Z,NYSE:DIS
26.00066349553606,-4.182665139087106,-83.70949956327827,-2.5596792241700768,111.5815,48.3834591639033,-0.7739056120026566,104.495,3339402,1788894442,2026-09-08T19:07:22Z,NYSE:DIS
26.00066349553606,-4.168065139087105,-84.25961942562323,-2.6073293547183845,111.5815,48.25867039479443,-0.8224290190865093,104.4439,3368304,1788894622,2026-09-08T19:10:22Z,NYSE:DIS
26.00066349553606,-4.145522281944238,-85.10790933159223,-2.680902648265573,111.5815,48.067251862420655,-0.8973506789478752,104.365,3386031,1788894797,2026-09-08T19:13:17Z,NYSE:DIS
26.00066349553606,-4.155522281944258,-84.73177483546401,-2.648265572547547,111.5815,48.15197729533409,-0.8641154686164625,104.4,3407598,1788894977,2026-09-08T19:16:17Z,NYSE:DIS
26.00066349553606,-4.19552228194425,-83.22457976014354,-2.517717269675484,111.5815,48.49388705008628,-0.7311746272908518,104.54,3440131,1788895162,2026-09-08T19:19:22Z,NYSE:DIS
26.00066349553606,-4.201236567658526,-83.00891844627036,-2.499067512122336,111.5815,48.54312807505796,-0.712183078530054,104.56,3467976,1788895338,2026-09-08T19:22:18Z,NYSE:DIS
26.00066349553606,-4.224750853372825,-82.12055500841234,-2.4223237597911127,111.5815,48.74681171301997,-0.6340328553793527,104.6423,3497667,1788895519,2026-09-08T19:25:19Z,NYSE:DIS
26.00066349553606,-4.224093710515689,-82.14540175391252,-2.42446848190973,111.5815,48.74109624658822,-0.6362168834868499,104.64,3526698,1788895701,2026-09-08T19:28:21Z,NYSE:DIS
26.00066349553606,-4.21552228194426,-82.469384023466,-2.452443118239459,111.5815,48.6666692480545,-0.6647042066280532,104.61,3570152,1788895880,2026-09-08T19:31:20Z,NYSE:DIS
26.00066349553606,-4.21552228194426,-82.469384023466,-2.452443118239459,111.5815,48.6666692480545,-0.6647042066280532,104.61,3608696,1788896058,2026-09-08T19:34:18Z,NYSE:DIS
26.00066349553606,-4.206950853372831,-82.79317004149773,-2.480417754569188,111.5815,48.59246920102073,-0.6931915297692565,104.58,3642214,1788896240,2026-09-08T19:37:20Z,NYSE:DIS
26.00066349553606,-4.171236567658525,-84.14016996085809,-2.5969787392763863,111.5815,48.28572239598631,-0.8118887095242654,104.455,3668417,1788896421,2026-09-08T19:40:21Z,NYSE:DIS
26.00066349553606,-4.198379424801402,-83.11675998627348,-2.5083923908989165,111.5815,48.51849506899665,-0.7216788529104597,104.55,3704401,1788896599,2026-09-08T19:43:19Z,NYSE:DIS
26.00066349553606,-4.184093710515668,-83.65564132604173,-2.555016784781793,111.5815,48.39570408710168,-0.7691577248124606,104.5,3749186,1788896781,2026-09-08T19:46:21Z,NYSE:DIS
26.00066349553606,-4.232179424801387,-81.83959843389677,-2.398079074972019,111.5815,48.811514677947336,-0.6093438419903144,104.6683,3792543,1788896956,2026-09-08T19:49:16Z,NYSE:DIS
26.00066349553606,-4.235522281944242,-81.7131198058474,-2.3871689668034204,111.5815,48.84068708366084,-0.5982337859652411,104.68,3827143,1788897135,2026-09-08T19:52:15Z,NYSE:DIS
26.00066349553606,-4.258350853372832,-80.84858947855193,-2.312663185378584,111.5815,49.04084317265624,-0.5223625486658442,104.7599,3864704,1788897319,2026-09-08T19:55:19Z,NYSE:DIS
26.00066349553606,-4.246950853372823,-81.28048822520286,-2.349869451697124,111.5815,48.9406857343792,-0.5602506884436458,104.72,3902710,1788897494,2026-09-08T19:58:14Z,NYSE:DIS
26.00066349553606,-4.264093710515681,-80.63088436469533,-2.293920179037667,111.5815,49.09145385745476,-0.5032760421612393,104.78,4001732,1788897681,2026-09-08T20:01:21Z,NYSE:DIS
26.00066349553606,-4.295522281944244,-79.43789354319321,-2.191346512495332,111.5815,49.37028840199961,-0.3988225239768319,104.89,4093840,1788897858,2026-09-08T20:04:18Z,NYSE:DIS
26.00066349553606,-4.306950853372825,-79.00341941352443,-2.154046997389023,111.5815,49.47246973895142,-0.3608394264552231,104.93,4191935,1788898037,2026-09-08T20:07:17Z,NYSE:DIS
26.00066349553606,-4.316950853372816,-78.62296557184158,-2.1214099216710105,111.5815,49.56222600419552,-0.3276042161238238,104.965,4308163,1788898216,2026-09-08T20:10:16Z,NYSE:DIS
26.00066349553606,-4.296236567658539,-77.20748502511123,-2.042148452070121,111.5815,49.78156741359678,-0.2468901338904236,105.05,4457351,1788898398,2026-09-08T20:13:18Z,NYSE:DIS
26.00066349553606,-4.286236567658534,-76.6075028981919,-2.0095113763521084,111.5815,49.87244978410957,-0.2136549235590243,105.085,4728927,1788898583,2026-09-08T20:16:23Z,NYSE:DIS
26.00066349553606,-4.286236567658534,-76.6075028981919,-2.0095113763521084,111.5815,49.87244978410957,-0.2136549235590243,105.085,4728936,1788898757,2026-09-08T20:19:17Z,NYSE:DIS
26.00066349553606,-4.279093710515696,-76.88030510328758,-2.03282357329354,111.5815,49.80749998866942,-0.237394359510018,105.06,7302958,1788898939,2026-09-08T20:22:19Z,NYSE:DIS
26.00066349553606,-4.279093710515696,-76.88030510328758,-2.03282357329354,111.5815,49.80749998866942,-0.237394359510018,105.06,7309573,1788899120,2026-09-08T20:25:20Z,NYSE:DIS
26.00066349553606,-4.279093710515696,-76.88030510328758,-2.03282357329354,111.5815,49.80749998866942,-0.237394359510018,105.06,7312248,1788899302,2026-09-08T20:28:22Z,NYSE:DIS
26.00066349553606,-4.279093710515696,-76.88030510328758,-2.03282357329354,111.5815,49.80749998866942,-0.237394359510018,105.06,7312269,1788899476,2026-09-08T20:31:16Z,NYSE:DIS
26.00066349553606,-4.279093710515696,-76.88030510328758,-2.03282357329354,111.5815,49.80749998866942,-0.237394359510018,105.06,7312304,1788899667,2026-09-08T20:34:27Z,NYSE:DIS
26.00066349553606,-4.279093710515696,-76.88030510328758,-2.03282357329354,111.5815,49.80749998866942,-0.237394359510018,105.06,7312329,1788899839,2026-09-08T20:37:19Z,NYSE:DIS
26.00066349553606,-4.279093710515696,-76.88030510328758,-2.03282357329354,111.5815,49.80749998866942,-0.237394359510018,105.06,7316095,1788900021,2026-09-08T20:40:21Z,NYSE:DIS
26.00066349553606,-4.279093710515696,-76.88030510328758,-2.03282357329354,111.5815,49.80749998866942,-0.237394359510018,105.06,7316602,1788900198,2026-09-08T20:43:18Z,NYSE:DIS
26.00066349553606,-4.279093710515696,-76.88030510328758,-2.03282357329354,111.5815,49.80749998866942,-0.237394359510018,105.06,7316602,1788900380,2026-09-08T20:46:20Z,NYSE:DIS
26.00066349553606,-4.279093710515696,-76.88030510328758,-2.03282357329354,111.5815,49.80749998866942,-0.237394359510018,105.06,7316622,1788900557,2026-09-08T20:49:17Z,NYSE:DIS
26.00066349553606,-4.279093710515696,-76.88030510328758,-2.03282357329354,111.5815,49.80749998866942,-0.237394359510018,105.06,7316672,1788900739,2026-09-08T20:52:19Z,NYSE:DIS
26.00066349553606,-4.279093710515696,-76.88030510328758,-2.03282357329354,111.5815,49.80749998866942,-0.237394359510018,105.06,7316740,1788900921,2026-09-08T20:55:21Z,NYSE:DIS
26.00066349553606,-4.279093710515696,-76.88030510328758,-2.03282357329354,111.5815,49.80749998866942,-0.237394359510018,105.06,7316967,1788901099,2026-09-08T20:58:19Z,NYSE:DIS
26.00066349553606,-4.279093710515696,-76.88030510328758,-2.03282357329354,111.5815,49.80749998866942,-0.237394359510018,105.06,7316978,1788901277,2026-09-08T21:01:17Z,NYSE:DIS
26.00066349553606,-4.279093710515696,-76.88030510328758,-2.03282357329354,111.5815,49.80749998866942,-0.237394359510018,105.06,7316978,1788901461,2026-09-08T21:04:21Z,NYSE:DIS
26.00066349553606,-4.279093710515696,-76.88030510328758,-2.03282357329354,111.5815,49.80749998866942,-0.237394359510018,105.06,7332344,1788901640,2026-09-08T21:07:20Z,NYSE:DIS
26.00066349553606,-4.279093710515696,-76.88030510328758,-2.03282357329354,111.5815,49.80749998866942,-0.237394359510018,105.06,7332349,1788901820,2026-09-08T21:10:20Z,NYSE:DIS
26.00066349553606,-4.279093710515696,-76.88030510328758,-2.03282357329354,111.5815,49.80749998866942,-0.237394359510018,105.06,7332699,1788901999,2026-09-08T21:13:19Z,NYSE:DIS
26.00066349553606,-4.279093710515696,-76.88030510328758,-2.03282357329354,111.5815,49.80749998866942,-0.237394359510018,105.06,7332699,1788902183,2026-09-08T21:16:23Z,NYSE:DIS
26.00066349553606,-4.279093710515696,-76.88030510328758,-2.03282357329354,111.5815,49.80749998866942,-0.237394359510018,105.06,7332700,1788902356,2026-09-08T21:19:16Z,NYSE:DIS
26.00066349553606,-4.279093710515696,-76.88030510328758,-2.03282357329354,111.5815,49.80749998866942,-0.237394359510018,105.06,7332900,1788902537,2026-09-08T21:22:17Z,NYSE:DIS
26.00066349553606,-4.279093710515696,-76.88030510328758,-2.03282357329354,111.5815,49.80749998866942,-0.237394359510018,105.06,7332914,1788902722,2026-09-08T21:25:22Z,NYSE:DIS
26.00066349553606,-4.279093710515696,-76.88030510328758,-2.03282357329354,111.5815,49.80749998866942,-0.237394359510018,105.06,7333092,1788902900,2026-09-08T21:28:20Z,NYSE:DIS
26.00066349553606,-4.279093710515696,-76.88030510328758,-2.03282357329354,111.5815,49.80749998866942,-0.237394359510018,105.06,7333095,1788903079,2026-09-08T21:31:19Z,NYSE:DIS
26.00066349553606,-4.279093710515696,-76.88030510328758,-2.03282357329354,111.5815,49.80749998866942,-0.237394359510018,105.06,7333101,1788903260,2026-09-08T21:34:20Z,NYSE:DIS
26.00066349553606,-4.279093710515696,-76.88030510328758,-2.03282357329354,111.5815,49.80749998866942,-0.237394359510018,105.06,7333948,1788903439,2026-09-08T21:37:19Z,NYSE:DIS
26.00066349553606,-4.279093710515696,-76.88030510328758,-2.03282357329354,111.5815,49.80749998866942,-0.237394359510018,105.06,7348447,1788903624,2026-09-08T21:40:24Z,NYSE:DIS
26.00066349553606,-4.279093710515696,-76.88030510328758,-2.03282357329354,111.5815,49.80749998866942,-0.237394359510018,105.06,7348448,1788903798,2026-09-08T21:43:18Z,NYSE:DIS
26.00066349553606,-4.279093710515696,-76.88030510328758,-2.03282357329354,111.5815,49.80749998866942,-0.237394359510018,105.06,7348718,1788903980,2026-09-08T21:46:20Z,NYSE:DIS
26.00066349553606,-4.279093710515696,-76.88030510328758,-2.03282357329354,111.5815,49.80749998866942,-0.237394359510018,105.06,7348733,1788904161,2026-09-08T21:49:21Z,NYSE:DIS
26.00066349553606,-4.279093710515696,-76.88030510328758,-2.03282357329354,111.5815,49.80749998866942,-0.237394359510018,105.06,7351997,1788904338,2026-09-08T21:52:18Z,NYSE:DIS
26.00066349553606,-4.279093710515696,-76.88030510328758,-2.03282357329354,111.5815,49.80749998866942,-0.237394359510018,105.06,7395099,1788904518,2026-09-08T21:55:18Z,NYSE:DIS
26.00066349553606,-4.279093710515696,-76.88030510328758,-2.03282357329354,111.5815,49.80749998866942,-0.237394359510018,105.06,7395104,1788904701,2026-09-08T21:58:21Z,NYSE:DIS
26.00066349553606,-4.279093710515696,-76.88030510328758,-2.03282357329354,111.5815,49.80749998866942,-0.237394359510018,105.06,7395185,1788904882,2026-09-08T22:01:22Z,NYSE:DIS
26.00066349553606,-4.279093710515696,-76.88030510328758,-2.03282357329354,111.5815,49.80749998866942,-0.237394359510018,105.06,7395193,1788905059,2026-09-08T22:04:19Z,NYSE:DIS
26.00066349553606,-4.279093710515696,-76.88030510328758,-2.03282357329354,111.5815,49.80749998866942,-0.237394359510018,105.06,7395217,1788905235,2026-09-08T22:07:15Z,NYSE:DIS
26.00066349553606,-4.279093710515696,-76.88030510328758,-2.03282357329354,111.5815,49.80749998866942,-0.237394359510018,105.06,7395277,1788905418,2026-09-08T22:10:18Z,NYSE:DIS
26.00066349553606,-4.279093710515696,-76.88030510328758,-2.03282357329354,111.5815,49.80749998866942,-0.237394359510018,105.06,7395277,1788905600,2026-09-08T22:13:20Z,NYSE:DIS
26.00066349553606,-4.279093710515696,-76.88030510328758,-2.03282357329354,111.5815,49.80749998866942,-0.237394359510018,105.06,7395277,1788905780,2026-09-08T22:16:20Z,NYSE:DIS
26.00066349553606,-4.279093710515696,-76.88030510328758,-2.03282357329354,111.5815,49.80749998866942,-0.237394359510018,105.06,7395292,1788905961,2026-09-08T22:19:21Z,NYSE:DIS
26.00066349553606,-4.279093710515696,-76.88030510328758,-2.03282357329354,111.5815,49.80749998866942,-0.237394359510018,105.06,7395292,1788906142,2026-09-08T22:22:22Z,NYSE:DIS
26.00066349553606,-4.279093710515696,-76.88030510328758,-2.03282357329354,111.5815,49.80749998866942,-0.237394359510018,105.06,7395292,1788906320,2026-09-08T22:25:20Z,NYSE:DIS
26.00066349553606,-4.279093710515696,-76.88030510328758,-2.03282357329354,111.5815,49.80749998866942,-0.237394359510018,105.06,7395442,1788906500,2026-09-08T22:28:20Z,NYSE:DIS
26.00066349553606,-4.279093710515696,-76.88030510328758,-2.03282357329354,111.5815,49.80749998866942,-0.237394359510018,105.06,7395452,1788906685,2026-09-08T22:31:25Z,NYSE:DIS
26.00066349553606,-4.279093710515696,-76.88030510328758,-2.03282357329354,111.5815,49.80749998866942,-0.237394359510018,105.06,7395453,1788906858,2026-09-08T22:34:18Z,NYSE:DIS
26.00066349553606,-4.279093710515696,-76.88030510328758,-2.03282357329354,111.5815,49.80749998866942,-0.237394359510018,105.06,7395453,1788907037,2026-09-08T22:37:17Z,NYSE:DIS
26.00066349553606,-4.279093710515696,-76.88030510328758,-2.03282357329354,111.5815,49.80749998866942,-0.237394359510018,105.06,7395468,1788907222,2026-09-08T22:40:22Z,NYSE:DIS
26.00066349553606,-4.279093710515696,-76.88030510328758,-2.03282357329354,111.5815,49.80749998866942,-0.237394359510018,105.06,7395684,1788907401,2026-09-08T22:43:21Z,NYSE:DIS
26.00066349553606,-4.279093710515696,-76.88030510328758,-2.03282357329354,111.5815,49.80749998866942,-0.237394359510018,105.06,7395699,1788907577,2026-09-08T22:46:17Z,NYSE:DIS
26.00066349553606,-4.279093710515696,-76.88030510328758,-2.03282357329354,111.5815,49.80749998866942,-0.237394359510018,105.06,7395869,1788907762,2026-09-08T22:49:22Z,NYSE:DIS
26.00066349553606,-4.279093710515696,-76.88030510328758,-2.03282357329354,111.5815,49.80749998866942,-0.237394359510018,105.06,7395876,1788907942,2026-09-08T22:52:22Z,NYSE:DIS
26.00066349553606,-4.279093710515696,-76.88030510328758,-2.03282357329354,111.5815,49.80749998866942,-0.237394359510018,105.06,7395876,1788908116,2026-09-08T22:55:16Z,NYSE:DIS
26.00066349553606,-4.279093710515696,-76.88030510328758,-2.03282357329354,111.5815,49.80749998866942,-0.237394359510018,105.06,7395876,1788908298,2026-09-08T22:58:18Z,NYSE:DIS
26.00066349553606,-4.279093710515696,-76.88030510328758,-2.03282357329354,111.5815,49.80749998866942,-0.237394359510018,105.06,7395876,1788908478,2026-09-08T23:01:18Z,NYSE:DIS
26.00066349553606,-4.279093710515696,-76.88030510328758,-2.03282357329354,111.5815,49.80749998866942,-0.237394359510018,105.06,7395912,1788908660,2026-09-08T23:04:20Z,NYSE:DIS
26.00066349553606,-4.279093710515696,-76.88030510328758,-2.03282357329354,111.5815,49.80749998866942,-0.237394359510018,105.06,7395930,1788908835,2026-09-08T23:07:15Z,NYSE:DIS
26.00066349553606,-4.279093710515696,-76.88030510328758,-2.03282357329354,111.5815,49.80749998866942,-0.237394359510018,105.06,7395934,1788909016,2026-09-08T23:10:16Z,NYSE:DIS
26.00066349553606,-4.279093710515696,-76.88030510328758,-2.03282357329354,111.5815,49.80749998866942,-0.237394359510018,105.06,7395957,1788909201,2026-09-08T23:13:21Z,NYSE:DIS
26.00066349553606,-4.279093710515696,-76.88030510328758,-2.03282357329354,111.5815,49.80749998866942,-0.237394359510018,105.06,7395978,1788909378,2026-09-08T23:16:18Z,NYSE:DIS
26.00066349553606,-4.279093710515696,-76.88030510328758,-2.03282357329354,111.5815,49.80749998866942,-0.237394359510018,105.06,7395979,1788909558,2026-09-08T23:19:18Z,NYSE:DIS
26.00066349553606,-4.279093710515696,-76.88030510328758,-2.03282357329354,111.5815,49.80749998866942,-0.237394359510018,105.06,7396387,1788909740,2026-09-08T23:22:20Z,NYSE:DIS
26.00066349553606,-4.279093710515696,-76.88030510328758,-2.03282357329354,111.5815,49.80749998866942,-0.237394359510018,105.06,7396390,1788909919,2026-09-08T23:25:19Z,NYSE:DIS
26.00066349553606,-4.279093710515696,-76.88030510328758,-2.03282357329354,111.5815,49.80749998866942,-0.237394359510018,105.06,7396400,1788910100,2026-09-08T23:28:20Z,NYSE:DIS
26.00066349553606,-4.279093710515696,-76.88030510328758,-2.03282357329354,111.5815,49.80749998866942,-0.237394359510018,105.06,7396438,1788910282,2026-09-08T23:31:22Z,NYSE:DIS
26.00066349553606,-4.279093710515696,-76.88030510328758,-2.03282357329354,111.5815,49.80749998866942,-0.237394359510018,105.06,7396472,1788910458,2026-09-08T23:34:18Z,NYSE:DIS
26.00066349553606,-4.279093710515696,-76.88030510328758,-2.03282357329354,111.5815,49.80749998866942,-0.237394359510018,105.06,7396477,1788910641,2026-09-08T23:37:21Z,NYSE:DIS
26.00066349553606,-4.279093710515696,-76.88030510328758,-2.03282357329354,111.5815,49.80749998866942,-0.237394359510018,105.06,7397015,1788910816,2026-09-08T23:40:16Z,NYSE:DIS
26.00066349553606,-4.279093710515696,-76.88030510328758,-2.03282357329354,111.5815,49.80749998866942,-0.237394359510018,105.06,7397017,1788911000,2026-09-08T23:43:20Z,NYSE:DIS
26.00066349553606,-4.279093710515696,-76.88030510328758,-2.03282357329354,111.5815,49.80749998866942,-0.237394359510018,105.06,7397017,1788911179,2026-09-08T23:46:19Z,NYSE:DIS
26.00066349553606,-4.279093710515696,-76.88030510328758,-2.03282357329354,111.5815,49.80749998866942,-0.237394359510018,105.06,7397019,1788911355,2026-09-08T23:49:15Z,NYSE:DIS
26.00066349553606,-4.279093710515696,-76.88030510328758,-2.03282357329354,111.5815,49.80749998866942,-0.237394359510018,105.06,7397039,1788911543,2026-09-08T23:52:23Z,NYSE:DIS
26.00066349553606,-4.279093710515696,-76.88030510328758,-2.03282357329354,111.5815,49.80749998866942,-0.237394359510018,105.06,7397076,1788911721,2026-09-08T23:55:21Z,NYSE:DIS
26.00066349553606,-4.279093710515696,-76.88030510328758,-2.03282357329354,111.5815,49.80749998866942,-0.237394359510018,105.06,7397081,1788911898,2026-09-08T23:58:18Z,NYSE:DIS
26.00066349553606,-4.279093710515696,-76.88030510328758,-2.03282357329354,111.5815,49.80749998866942,-0.237394359510018,105.06,7397604,1788912082,2026-09-09T00:01:22Z,NYSE:DIS
26.00066349553606,-4.279093710515696,-76.88030510328758,-2.03282357329354,111.5815,49.80749998866942,-0.237394359510018,105.06,7397658,1788912258,2026-09-09T00:04:18Z,NYSE:DIS
26.00066349553606,-4.279093710515696,-76.88030510328758,-2.03282357329354,111.5815,49.80749998866942,-0.237394359510018,105.06,7397661,1788912438,2026-09-09T00:07:18Z,NYSE:DIS
26.00066349553606,-4.279093710515696,-76.88030510328758,-2.03282357329354,111.5815,49.80749998866942,-0.237394359510018,105.06,7397742,1788912620,2026-09-09T00:10:20Z,NYSE:DIS
26.00066349553606,-4.279093710515696,-76.88030510328758,-2.03282357329354,111.5815,49.80749998866942,-0.237394359510018,105.06,7397785,1788912799,2026-09-09T00:13:19Z,NYSE:DIS
26.00066349553606,-4.279093710515696,-76.88030510328758,-2.03282357329354,111.5815,49.80749998866942,-0.237394359510018,105.06,7397791,1788912978,2026-09-09T00:16:18Z,NYSE:DIS
26.00066349553606,-4.279093710515696,-76.88030510328758,-2.03282357329354,111.5815,49.80749998866942,-0.237394359510018,105.06,7397791,1788913158,2026-09-09T00:19:18Z,NYSE:DIS
26.00066349553606,-4.279093710515696,-76.88030510328758,-2.03282357329354,111.5815,49.80749998866942,-0.237394359510018,105.06,7397791,1788913340,2026-09-09T00:22:20Z,NYSE:DIS
26.00066349553606,-4.279093710515696,-76.88030510328758,-2.03282357329354,111.5815,49.80749998866942,-0.237394359510018,105.06,7397791,1788913516,2026-09-09T00:25:16Z,NYSE:DIS
26.00066349553606,-4.279093710515696,-76.88030510328758,-2.03282357329354,111.5815,49.80749998866942,-0.237394359510018,105.06,7397791,1788913698,2026-09-09T00:28:18Z,NYSE:DIS
26.00066349553606,-4.279093710515696,-76.88030510328758,-2.03282357329354,111.5815,49.80749998866942,-0.237394359510018,105.06,7397791,1788913881,2026-09-09T00:31:21Z,NYSE:DIS
26.00066349553606,-4.279093710515696,-76.88030510328758,-2.03282357329354,111.5815,49.80749998866942,-0.237394359510018,105.06,7397791,1788914056,2026-09-09T00:34:16Z,NYSE:DIS
26.00066349553606,-4.279093710515696,-76.88030510328758,-2.03282357329354,111.5815,49.80749998866942,-0.237394359510018,105.06,7397791,1788914237,2026-09-09T00:37:17Z,NYSE:DIS
26.00066349553606,-4.279093710515696,-76.88030510328758,-2.03282357329354,111.5815,49.80749998866942,-0.237394359510018,105.06,7397791,1788914419,2026-09-09T00:40:19Z,NYSE:DIS
26.00066349553606,-4.279093710515696,-76.88030510328758,-2.03282357329354,111.5815,49.80749998866942,-0.237394359510018,105.06,7397791,1788914599,2026-09-09T00:43:19Z,NYSE:DIS
26.00066349553606,-4.279093710515696,-76.88030510328758,-2.03282357329354,111.5815,49.80749998866942,-0.237394359510018,105.06,7397791,1788914781,2026-09-09T00:46:21Z,NYSE:DIS
26.00066349553606,-4.279093710515696,-76.88030510328758,-2.03282357329354,111.5815,49.80749998866942,-0.237394359510018,105.06,7397791,1788914961,2026-09-09T00:49:21Z,NYSE:DIS
26.00066349553606,-4.279093710515696,-76.88030510328758,-2.03282357329354,111.5815,49.80749998866942,-0.237394359510018,105.06,7397791,1788915141,2026-09-09T00:52:21Z,NYSE:DIS
26.00066349553606,-4.279093710515696,-76.88030510328758,-2.03282357329354,111.5815,49.80749998866942,-0.237394359510018,105.06,7397791,1788915317,2026-09-09T00:55:17Z,NYSE:DIS
26.00066349553606,-4.279093710515696,-76.88030510328758,-2.03282357329354,111.5815,49.80749998866942,-0.237394359510018,105.06,7397791,1788915500,2026-09-09T00:58:20Z,NYSE:DIS
26.00066349553606,-4.279093710515696,-76.88030510328758,-2.03282357329354,111.5815,49.80749998866942,-0.237394359510018,105.06,7397791,1788915682,2026-09-09T01:01:22Z,NYSE:DIS
26.00066349553606,-4.279093710515696,-76.88030510328758,-2.03282357329354,111.5815,49.80749998866942,-0.237394359510018,105.06,7397791,1788915858,2026-09-09T01:04:18Z,NYSE:DIS
26.00066349553606,-4.279093710515696,-76.88030510328758,-2.03282357329354,111.5815,49.80749998866942,-0.237394359510018,105.06,7397791,1788916044,2026-09-09T01:07:24Z,NYSE:DIS
26.00066349553606,-4.279093710515696,-76.88030510328758,-2.03282357329354,111.5815,49.80749998866942,-0.237394359510018,105.06,7397791,1788916219,2026-09-09T01:10:19Z,NYSE:DIS
26.00066349553606,-4.279093710515696,-76.88030510328758,-2.03282357329354,111.5815,49.80749998866942,-0.237394359510018,105.06,7397791,1788916400,2026-09-09T01:13:20Z,NYSE:DIS
26.00066349553606,-4.279093710515696,-76.88030510328758,-2.03282357329354,111.5815,49.80749998866942,-0.237394359510018,105.06,7397791,1788916580,2026-09-09T01:16:20Z,NYSE:DIS
26.00066349553606,-4.279093710515696,-76.88030510328758,-2.03282357329354,111.5815,49.80749998866942,-0.237394359510018,105.06,7397791,1788916757,2026-09-09T01:19:17Z,NYSE:DIS
26.00066349553606,-4.279093710515696,-76.88030510328758,-2.03282357329354,111.5815,49.80749998866942,-0.237394359510018,105.06,7397791,1788916938,2026-09-09T01:22:18Z,NYSE:DIS
26.00066349553606,-4.279093710515696,-76.88030510328758,-2.03282357329354,111.5815,49.80749998866942,-0.237394359510018,105.06,7397791,1788917120,2026-09-09T01:25:20Z,NYSE:DIS
26.00066349553606,-4.279093710515696,-76.88030510328758,-2.03282357329354,111.5815,49.80749998866942,-0.237394359510018,105.06,7397791,1788917302,2026-09-09T01:28:22Z,NYSE:DIS
26.00066349553606,-4.279093710515696,-76.88030510328758,-2.03282357329354,111.5815,49.80749998866942,-0.237394359510018,105.06,7397791,1788917481,2026-09-09T01:31:21Z,NYSE:DIS
26.00066349553606,-4.279093710515696,-76.88030510328758,-2.03282357329354,111.5815,49.80749998866942,-0.237394359510018,105.06,7397791,1788917662,2026-09-09T01:34:22Z,NYSE:DIS
26.00066349553606,-4.279093710515696,-76.88030510328758,-2.03282357329354,111.5815,49.80749998866942,-0.237394359510018,105.06,7397791,1788917842,2026-09-09T01:37:22Z,NYSE:DIS
26.00066349553606,-4.279093710515696,-76.88030510328758,-2.03282357329354,111.5815,49.80749998866942,-0.237394359510018,105.06,7397791,1788918026,2026-09-09T01:40:26Z,NYSE:DIS
26.00066349553606,-4.279093710515696,-76.88030510328758,-2.03282357329354,111.5815,49.80749998866942,-0.237394359510018,105.06,7397791,1788918200,2026-09-09T01:43:20Z,NYSE:DIS
26.00066349553606,-4.279093710515696,-76.88030510328758,-2.03282357329354,111.5815,49.80749998866942,-0.237394359510018,105.06,7397791,1788918376,2026-09-09T01:46:16Z,NYSE:DIS
26.00066349553606,-4.279093710515696,-76.88030510328758,-2.03282357329354,111.5815,49.80749998866942,-0.237394359510018,105.06,7397791,1788918557,2026-09-09T01:49:17Z,NYSE:DIS
26.00066349553606,-4.279093710515696,-76.88030510328758,-2.03282357329354,111.5815,49.80749998866942,-0.237394359510018,105.06,7397791,1788918736,2026-09-09T01:52:16Z,NYSE:DIS
26.00066349553606,-4.279093710515696,-76.88030510328758,-2.03282357329354,111.5815,49.80749998866942,-0.237394359510018,105.06,7397791,1788918920,2026-09-09T01:55:20Z,NYSE:DIS
26.00066349553606,-4.279093710515696,-76.88030510328758,-2.03282357329354,111.5815,49.80749998866942,-0.237394359510018,105.06,7397791,1788919111,2026-09-09T01:58:31Z,NYSE:DIS
26.00066349553606,-4.279093710515696,-76.88030510328758,-2.03282357329354,111.5815,49.80749998866942,-0.237394359510018,105.06,7397791,1788919281,2026-09-09T02:01:21Z,NYSE:DIS
26.00066349553606,-4.279093710515696,-76.88030510328758,-2.03282357329354,111.5815,49.80749998866942,-0.237394359510018,105.06,7397791,1788919458,2026-09-09T02:04:18Z,NYSE:DIS
26.00066349553606,-4.279093710515696,-76.88030510328758,-2.03282357329354,111.5815,49.80749998866942,-0.237394359510018,105.06,7397791,1788919642,2026-09-09T02:07:22Z,NYSE:DIS
26.00066349553606,-4.279093710515696,-76.88030510328758,-2.03282357329354,111.5815,49.80749998866942,-0.237394359510018,105.06,7397791,1788919819,2026-09-09T02:10:19Z,NYSE:DIS
26.00066349553606,-4.279093710515696,-76.88030510328758,-2.03282357329354,111.5815,49.80749998866942,-0.237394359510018,105.06,7397791,1788919999,2026-09-09T02:13:19Z,NYSE:DIS
26.00066349553606,-4.279093710515696,-76.88030510328758,-2.03282357329354,111.5815,49.80749998866942,-0.237394359510018,105.06,7397791,1788920178,2026-09-09T02:16:18Z,NYSE:DIS
26.00066349553606,-4.279093710515696,-76.88030510328758,-2.03282357329354,111.5815,49.80749998866942,-0.237394359510018,105.06,7397791,1788920364,2026-09-09T02:19:24Z,NYSE:DIS
26.00066349553606,-4.279093710515696,-76.88030510328758,-2.03282357329354,111.5815,49.80749998866942,-0.237394359510018,105.06,7397791,1788920541,2026-09-09T02:22:21Z,NYSE:DIS
26.00066349553606,-4.279093710515696,-76.88030510328758,-2.03282357329354,111.5815,49.80749998866942,-0.237394359510018,105.06,7397791,1788920725,2026-09-09T02:25:25Z,NYSE:DIS
26.00066349553606,-4.279093710515696,-76.88030510328758,-2.03282357329354,111.5815,49.80749998866942,-0.237394359510018,105.06,7397791,1788920901,2026-09-09T02:28:21Z,NYSE:DIS
26.00066349553606,-4.279093710515696,-76.88030510328758,-2.03282357329354,111.5815,49.80749998866942,-0.237394359510018,105.06,7397791,1788921079,2026-09-09T02:31:19Z,NYSE:DIS
26.00066349553606,-4.279093710515696,-76.88030510328758,-2.03282357329354,111.5815,49.80749998866942,-0.237394359510018,105.06,7397791,1788921267,2026-09-09T02:34:27Z,NYSE:DIS
26.00066349553606,-4.279093710515696,-76.88030510328758,-2.03282357329354,111.5815,49.80749998866942,-0.237394359510018,105.06,7397791,1788921436,2026-09-09T02:37:16Z,NYSE:DIS
26.00066349553606,-4.279093710515696,-76.88030510328758,-2.03282357329354,111.5815,49.80749998866942,-0.237394359510018,105.06,7397791,1788921623,2026-09-09T02:40:23Z,NYSE:DIS
26.00066349553606,-4.279093710515696,-76.88030510328758,-2.03282357329354,111.5815,49.80749998866942,-0.237394359510018,105.06,7397791,1788921801,2026-09-09T02:43:21Z,NYSE:DIS
26.00066349553606,-4.279093710515696,-76.88030510328758,-2.03282357329354,111.5815,49.80749998866942,-0.237394359510018,105.06,7397791,1788921979,2026-09-09T02:46:19Z,NYSE:DIS
26.00066349553606,-4.279093710515696,-76.88030510328758,-2.03282357329354,111.5815,49.80749998866942,-0.237394359510018,105.06,7397791,1788922167,2026-09-09T02:49:27Z,NYSE:DIS
26.00066349553606,-4.279093710515696,-76.88030510328758,-2.03282357329354,111.5815,49.80749998866942,-0.237394359510018,105.06,7397791,1788922340,2026-09-09T02:52:20Z,NYSE:DIS
26.00066349553606,-4.279093710515696,-76.88030510328758,-2.03282357329354,111.5815,49.80749998866942,-0.237394359510018,105.06,7397791,1788922519,2026-09-09T02:55:19Z,NYSE:DIS
26.00066349553606,-4.279093710515696,-76.88030510328758,-2.03282357329354,111.5815,49.80749998866942,-0.237394359510018,105.06,7397791,1788922707,2026-09-09T02:58:27Z,NYSE:DIS
26.00066349553606,-4.279093710515696,-76.88030510328758,-2.03282357329354,111.5815,49.80749998866942,-0.237394359510018,105.06,7397791,1788922882,2026-09-09T03:01:22Z,NYSE:DIS
26.00066349553606,-4.279093710515696,-76.88030510328758,-2.03282357329354,111.5815,49.80749998866942,-0.237394359510018,105.06,7397791,1788923065,2026-09-09T03:04:25Z,NYSE:DIS
26.00066349553606,-4.279093710515696,-76.88030510328758,-2.03282357329354,111.5815,49.80749998866942,-0.237394359510018,105.06,7397791,1788923234,2026-09-09T03:07:14Z,NYSE:DIS
26.00066349553606,-4.279093710515696,-76.88030510328758,-2.03282357329354,111.5815,49.80749998866942,-0.237394359510018,105.06,7397791,1788923423,2026-09-09T03:10:23Z,NYSE:DIS
26.00066349553606,-4.279093710515696,-76.88030510328758,-2.03282357329354,111.5815,49.80749998866942,-0.237394359510018,105.06,7397791,1788923604,2026-09-09T03:13:24Z,NYSE:DIS
26.00066349553606,-4.279093710515696,-76.88030510328758,-2.03282357329354,111.5815,49.80749998866942,-0.237394359510018,105.06,7397791,1788923779,2026-09-09T03:16:19Z,NYSE:DIS
26.00066349553606,-4.279093710515696,-76.88030510328758,-2.03282357329354,111.5815,49.80749998866942,-0.237394359510018,105.06,7397791,1788923968,2026-09-09T03:19:28Z,NYSE:DIS
26.00066349553606,-4.279093710515696,-76.88030510328758,-2.03282357329354,111.5815,49.80749998866942,-0.237394359510018,105.06,7397791,1788924137,2026-09-09T03:22:17Z,NYSE:DIS
26.00066349553606,-4.279093710515696,-76.88030510328758,-2.03282357329354,111.5815,49.80749998866942,-0.237394359510018,105.06,7397791,1788924325,2026-09-09T03:25:25Z,NYSE:DIS
26.00066349553606,-4.279093710515696,-76.88030510328758,-2.03282357329354,111.5815,49.80749998866942,-0.237394359510018,105.06,7397791,1788924500,2026-09-09T03:28:20Z,NYSE:DIS
26.00066349553606,-4.279093710515696,-76.88030510328758,-2.03282357329354,111.5815,49.80749998866942,-0.237394359510018,105.06,7397791,1788924676,2026-09-09T03:31:16Z,NYSE:DIS
26.00066349553606,-4.279093710515696,-76.88030510328758,-2.03282357329354,111.5815,49.80749998866942,-0.237394359510018,105.06,7397791,1788924861,2026-09-09T03:34:21Z,NYSE:DIS
26.00066349553606,-4.279093710515696,-76.88030510328758,-2.03282357329354,111.5815,49.80749998866942,-0.237394359510018,105.06,7397791,1788925041,2026-09-09T03:37:21Z,NYSE:DIS
26.00066349553606,-4.279093710515696,-76.88030510328758,-2.03282357329354,111.5815,49.80749998866942,-0.237394359510018,105.06,7397791,1788925218,2026-09-09T03:40:18Z,NYSE:DIS
26.00066349553606,-4.279093710515696,-76.88030510328758,-2.03282357329354,111.5815,49.80749998866942,-0.237394359510018,105.06,7397791,1788925399,2026-09-09T03:43:19Z,NYSE:DIS
26.00066349553606,-4.279093710515696,-76.88030510328758,-2.03282357329354,111.5815,49.80749998866942,-0.237394359510018,105.06,7397791,1788925582,2026-09-09T03:46:22Z,NYSE:DIS
26.00066349553606,-4.279093710515696,-76.88030510328758,-2.03282357329354,111.5815,49.80749998866942,-0.237394359510018,105.06,7397791,1788925762,2026-09-09T03:49:22Z,NYSE:DIS
26.00066349553606,-4.279093710515696,-76.88030510328758,-2.03282357329354,111.5815,49.80749998866942,-0.237394359510018,105.06,7397791,1788925937,2026-09-09T03:52:17Z,NYSE:DIS
26.00066349553606,-4.279093710515696,-76.88030510328758,-2.03282357329354,111.5815,49.80749998866942,-0.237394359510018,105.06,7397791,1788926116,2026-09-09T03:55:16Z,NYSE:DIS
26.00066349553606,-4.279093710515696,-76.88030510328758,-2.03282357329354,111.5815,49.80749998866942,-0.237394359510018,105.06,7397791,1788926300,2026-09-09T03:58:20Z,NYSE:DIS
26.00066349553606,-4.279093710515696,-76.88030510328758,-2.03282357329354,111.5815,49.80749998866942,-0.237394359510018,105.06,7397791,1788926484,2026-09-09T04:01:24Z,NYSE:DIS
26.00066349553606,-4.279093710515696,-76.88030510328758,-2.03282357329354,111.5815,49.80749998866942,-0.237394359510018,105.06,7397791,1788926657,2026-09-09T04:04:17Z,NYSE:DIS
26.00066349553606,-4.279093710515696,-76.88030510328758,-2.03282357329354,111.5815,49.80749998866942,-0.237394359510018,105.06,7397791,1788926841,2026-09-09T04:07:21Z,NYSE:DIS
26.00066349553606,-4.279093710515696,-76.88030510328758,-2.03282357329354,111.5815,49.80749998866942,-0.237394359510018,105.06,7397791,1788927020,2026-09-09T04:10:20Z,NYSE:DIS
26.00066349553606,-4.279093710515696,-76.88030510328758,-2.03282357329354,111.5815,49.80749998866942,-0.237394359510018,105.06,7397791,1788927201,2026-09-09T04:13:21Z,NYSE:DIS
26.00066349553606,-4.279093710515696,-76.88030510328758,-2.03282357329354,111.5815,49.80749998866942,-0.237394359510018,105.06,7397791,1788927379,2026-09-09T04:16:19Z,NYSE:DIS
26.00066349553606,-4.279093710515696,-76.88030510328758,-2.03282357329354,111.5815,49.80749998866942,-0.237394359510018,105.06,7397791,1788927558,2026-09-09T04:19:18Z,NYSE:DIS
26.00066349553606,-4.279093710515696,-76.88030510328758,-2.03282357329354,111.5815,49.80749998866942,-0.237394359510018,105.06,7397791,1788927739,2026-09-09T04:22:19Z,NYSE:DIS
26.00066349553606,-4.279093710515696,-76.88030510328758,-2.03282357329354,111.5815,49.80749998866942,-0.237394359510018,105.06,7397791,1788927919,2026-09-09T04:25:19Z,NYSE:DIS
26.00066349553606,-4.279093710515696,-76.88030510328758,-2.03282357329354,111.5815,49.80749998866942,-0.237394359510018,105.06,7397791,1788928100,2026-09-09T04:28:20Z,NYSE:DIS
26.00066349553606,-4.279093710515696,-76.88030510328758,-2.03282357329354,111.5815,49.80749998866942,-0.237394359510018,105.06,7397791,1788928278,2026-09-09T04:31:18Z,NYSE:DIS
26.00066349553606,-4.279093710515696,-76.88030510328758,-2.03282357329354,111.5815,49.80749998866942,-0.237394359510018,105.06,7397791,1788928461,2026-09-09T04:34:21Z,NYSE:DIS
26.00066349553606,-4.279093710515696,-76.88030510328758,-2.03282357329354,111.5815,49.80749998866942,-0.237394359510018,105.06,7397791,1788928642,2026-09-09T04:37:22Z,NYSE:DIS
26.00066349553606,-4.279093710515696,-76.88030510328758,-2.03282357329354,111.5815,49.80749998866942,-0.237394359510018,105.06,7397791,1788928817,2026-09-09T04:40:17Z,NYSE:DIS
26.00066349553606,-4.279093710515696,-76.88030510328758,-2.03282357329354,111.5815,49.80749998866942,-0.237394359510018,105.06,7397791,1788928999,2026-09-09T04:43:19Z,NYSE:DIS
26.00066349553606,-4.279093710515696,-76.88030510328758,-2.03282357329354,111.5815,49.80749998866942,-0.237394359510018,105.06,7397791,1788929179,2026-09-09T04:46:19Z,NYSE:DIS
26.00066349553606,-4.279093710515696,-76.88030510328758,-2.03282357329354,111.5815,49.80749998866942,-0.237394359510018,105.06,7397791,1788929360,2026-09-09T04:49:20Z,NYSE:DIS
26.00066349553606,-4.279093710515696,-76.88030510328758,-2.03282357329354,111.5815,49.80749998866942,-0.237394359510018,105.06,7397791,1788929543,2026-09-09T04:52:23Z,NYSE:DIS
26.00066349553606,-4.279093710515696,-76.88030510328758,-2.03282357329354,111.5815,49.80749998866942,-0.237394359510018,105.06,7397791,1788929721,2026-09-09T04:55:21Z,NYSE:DIS
26.00066349553606,-4.279093710515696,-76.88030510328758,-2.03282357329354,111.5815,49.80749998866942,-0.237394359510018,105.06,7397791,1788929905,2026-09-09T04:58:25Z,NYSE:DIS
26.00066349553606,-4.279093710515696,-76.88030510328758,-2.03282357329354,111.5815,49.80749998866942,-0.237394359510018,105.06,7397791,1788930077,2026-09-09T05:01:17Z,NYSE:DIS
26.00066349553606,-4.279093710515696,-76.88030510328758,-2.03282357329354,111.5815,49.80749998866942,-0.237394359510018,105.06,7397791,1788930258,2026-09-09T05:04:18Z,NYSE:DIS
26.00066349553606,-4.279093710515696,-76.88030510328758,-2.03282357329354,111.5815,49.80749998866942,-0.237394359510018,105.06,7397791,1788930442,2026-09-09T05:07:22Z,NYSE:DIS
26.00066349553606,-4.279093710515696,-76.88030510328758,-2.03282357329354,111.5815,49.80749998866942,-0.237394359510018,105.06,7397791,1788930625,2026-09-09T05:10:25Z,NYSE:DIS
26.00066349553606,-4.279093710515696,-76.88030510328758,-2.03282357329354,111.5815,49.80749998866942,-0.237394359510018,105.06,7397791,1788930798,2026-09-09T05:13:18Z,NYSE:DIS
26.00066349553606,-4.279093710515696,-76.88030510328758,-2.03282357329354,111.5815,49.80749998866942,-0.237394359510018,105.06,7397791,1788930981,2026-09-09T05:16:21Z,NYSE:DIS
26.00066349553606,-4.279093710515696,-76.88030510328758,-2.03282357329354,111.5815,49.80749998866942,-0.237394359510018,105.06,7397791,1788931162,2026-09-09T05:19:22Z,NYSE:DIS
26.00066349553606,-4.279093710515696,-76.88030510328758,-2.03282357329354,111.5815,49.80749998866942,-0.237394359510018,105.06,7397791,1788931344,2026-09-09T05:22:24Z,NYSE:DIS
26.00066349553606,-4.279093710515696,-76.88030510328758,-2.03282357329354,111.5815,49.80749998866942,-0.237394359510018,105.06,7397791,1788931516,2026-09-09T05:25:16Z,NYSE:DIS
26.00066349553606,-4.279093710515696,-76.88030510328758,-2.03282357329354,111.5815,49.80749998866942,-0.237394359510018,105.06,7397791,1788931704,2026-09-09T05:28:24Z,NYSE:DIS
26.00066349553606,-4.279093710515696,-76.88030510328758,-2.03282357329354,111.5815,49.80749998866942,-0.237394359510018,105.06,7397791,1788931877,2026-09-09T05:31:17Z,NYSE:DIS
26.00066349553606,-4.279093710515696,-76.88030510328758,-2.03282357329354,111.5815,49.80749998866942,-0.237394359510018,105.06,7397791,1788932063,2026-09-09T05:34:23Z,NYSE:DIS
26.00066349553606,-4.279093710515696,-76.88030510328758,-2.03282357329354,111.5815,49.80749998866942,-0.237394359510018,105.06,7397791,1788932243,2026-09-09T05:37:23Z,NYSE:DIS
26.00066349553606,-4.279093710515696,-76.88030510328758,-2.03282357329354,111.5815,49.80749998866942,-0.237394359510018,105.06,7397791,1788932421,2026-09-09T05:40:21Z,NYSE:DIS
26.00066349553606,-4.279093710515696,-76.88030510328758,-2.03282357329354,111.5815,49.80749998866942,-0.237394359510018,105.06,7397791,1788932599,2026-09-09T05:43:19Z,NYSE:DIS
26.00066349553606,-4.279093710515696,-76.88030510328758,-2.03282357329354,111.5815,49.80749998866942,-0.237394359510018,105.06,7397791,1788932779,2026-09-09T05:46:19Z,NYSE:DIS
26.00066349553606,-4.279093710515696,-76.88030510328758,-2.03282357329354,111.5815,49.80749998866942,-0.237394359510018,105.06,7397791,1788932958,2026-09-09T05:49:18Z,NYSE:DIS
26.00066349553606,-4.279093710515696,-76.88030510328758,-2.03282357329354,111.5815,49.80749998866942,-0.237394359510018,105.06,7397791,1788933139,2026-09-09T05:52:19Z,NYSE:DIS
26.00066349553606,-4.279093710515696,-76.88030510328758,-2.03282357329354,111.5815,49.80749998866942,-0.237394359510018,105.06,7397791,1788933313,2026-09-09T05:55:13Z,NYSE:DIS
26.00066349553606,-4.279093710515696,-76.88030510328758,-2.03282357329354,111.5815,49.80749998866942,-0.237394359510018,105.06,7397791,1788933502,2026-09-09T05:58:22Z,NYSE:DIS
26.00066349553606,-4.279093710515696,-76.88030510328758,-2.03282357329354,111.5815,49.80749998866942,-0.237394359510018,105.06,7397791,1788933681,2026-09-09T06:01:21Z,NYSE:DIS
26.00066349553606,-4.279093710515696,-76.88030510328758,-2.03282357329354,111.5815,49.80749998866942,-0.237394359510018,105.06,7397791,1788933854,2026-09-09T06:04:14Z,NYSE:DIS
26.00066349553606,-4.279093710515696,-76.88030510328758,-2.03282357329354,111.5815,49.80749998866942,-0.237394359510018,105.06,7397791,1788934045,2026-09-09T06:07:25Z,NYSE:DIS
26.00066349553606,-4.279093710515696,-76.88030510328758,-2.03282357329354,111.5815,49.80749998866942,-0.237394359510018,105.06,7397791,1788934218,2026-09-09T06:10:18Z,NYSE:DIS
26.00066349553606,-4.279093710515696,-76.88030510328758,-2.03282357329354,111.5815,49.80749998866942,-0.237394359510018,105.06,7397791,1788934403,2026-09-09T06:13:23Z,NYSE:DIS
26.00066349553606,-4.279093710515696,-76.88030510328758,-2.03282357329354,111.5815,49.80749998866942,-0.237394359510018,105.06,7397791,1788934580,2026-09-09T06:16:20Z,NYSE:DIS
26.00066349553606,-4.279093710515696,-76.88030510328758,-2.03282357329354,111.5815,49.80749998866942,-0.237394359510018,105.06,7397791,1788934761,2026-09-09T06:19:21Z,NYSE:DIS
26.00066349553606,-4.279093710515696,-76.88030510328758,-2.03282357329354,111.5815,49.80749998866942,-0.237394359510018,105.06,7397791,1788934940,2026-09-09T06:22:20Z,NYSE:DIS
26.00066349553606,-4.279093710515696,-76.88030510328758,-2.03282357329354,111.5815,49.80749998866942,-0.237394359510018,105.06,7397791,1788935120,2026-09-09T06:25:20Z,NYSE:DIS
26.00066349553606,-4.279093710515696,-76.88030510328758,-2.03282357329354,111.5815,49.80749998866942,-0.237394359510018,105.06,7397791,1788935295,2026-09-09T06:28:15Z,NYSE:DIS
26.00066349553606,-4.279093710515696,-76.88030510328758,-2.03282357329354,111.5815,49.80749998866942,-0.237394359510018,105.06,7397791,1788935478,2026-09-09T06:31:18Z,NYSE:DIS
26.00066349553606,-4.279093710515696,-76.88030510328758,-2.03282357329354,111.5815,49.80749998866942,-0.237394359510018,105.06,7397791,1788935660,2026-09-09T06:34:20Z,NYSE:DIS
26.00066349553606,-4.279093710515696,-76.88030510328758,-2.03282357329354,111.5815,49.80749998866942,-0.237394359510018,105.06,7397791,1788935841,2026-09-09T06:37:21Z,NYSE:DIS
26.00066349553606,-4.279093710515696,-76.88030510328758,-2.03282357329354,111.5815,49.80749998866942,-0.237394359510018,105.06,7397791,1788936016,2026-09-09T06:40:16Z,NYSE:DIS
26.00066349553606,-4.279093710515696,-76.88030510328758,-2.03282357329354,111.5815,49.80749998866942,-0.237394359510018,105.06,7397791,1788936203,2026-09-09T06:43:23Z,NYSE:DIS
26.00066349553606,-4.279093710515696,-76.88030510328758,-2.03282357329354,111.5815,49.80749998866942,-0.237394359510018,105.06,7397791,1788936384,2026-09-09T06:46:24Z,NYSE:DIS
26.00066349553606,-4.279093710515696,-76.88030510328758,-2.03282357329354,111.5815,49.80749998866942,-0.237394359510018,105.06,7397791,1788936557,2026-09-09T06:49:17Z,NYSE:DIS
26.00066349553606,-4.279093710515696,-76.88030510328758,-2.03282357329354,111.5815,49.80749998866942,-0.237394359510018,105.06,7397791,1788936738,2026-09-09T06:52:18Z,NYSE:DIS
26.00066349553606,-4.279093710515696,-76.88030510328758,-2.03282357329354,111.5815,49.80749998866942,-0.237394359510018,105.06,7397791,1788936920,2026-09-09T06:55:20Z,NYSE:DIS
26.00066349553606,-4.279093710515696,-76.88030510328758,-2.03282357329354,111.5815,49.80749998866942,-0.237394359510018,105.06,7397791,1788937103,2026-09-09T06:58:23Z,NYSE:DIS
26.00066349553606,-4.279093710515696,-76.88030510328758,-2.03282357329354,111.5815,49.80749998866942,-0.237394359510018,105.06,7397791,1788937284,2026-09-09T07:01:24Z,NYSE:DIS
26.00066349553606,-4.279093710515696,-76.88030510328758,-2.03282357329354,111.5815,49.80749998866942,-0.237394359510018,105.06,7397791,1788937460,2026-09-09T07:04:20Z,NYSE:DIS
26.00066349553606,-4.279093710515696,-76.88030510328758,-2.03282357329354,111.5815,49.80749998866942,-0.237394359510018,105.06,7397791,1788937639,2026-09-09T07:07:19Z,NYSE:DIS
26.00066349553606,-4.279093710515696,-76.88030510328758,-2.03282357329354,111.5815,49.80749998866942,-0.237394359510018,105.06,7397791,1788937819,2026-09-09T07:10:19Z,NYSE:DIS
26.00066349553606,-4.279093710515696,-76.88030510328758,-2.03282357329354,111.5815,49.80749998866942,-0.237394359510018,105.06,7397791,1788937998,2026-09-09T07:13:18Z,NYSE:DIS
26.00066349553606,-4.279093710515696,-76.88030510328758,-2.03282357329354,111.5815,49.80749998866942,-0.237394359510018,105.06,7397791,1788938182,2026-09-09T07:16:22Z,NYSE:DIS
26.00066349553606,-4.279093710515696,-76.88030510328758,-2.03282357329354,111.5815,49.80749998866942,-0.237394359510018,105.06,7397791,1788938361,2026-09-09T07:19:21Z,NYSE:DIS
26.00066349553606,-4.279093710515696,-76.88030510328758,-2.03282357329354,111.5815,49.80749998866942,-0.237394359510018,105.06,7397791,1788938535,2026-09-09T07:22:15Z,NYSE:DIS
26.00066349553606,-4.279093710515696,-76.88030510328758,-2.03282357329354,111.5815,49.80749998866942,-0.237394359510018,105.06,7397791,1788938719,2026-09-09T07:25:19Z,NYSE:DIS
26.00066349553606,-4.279093710515696,-76.88030510328758,-2.03282357329354,111.5815,49.80749998866942,-0.237394359510018,105.06,7397791,1788938901,2026-09-09T07:28:21Z,NYSE:DIS
26.00066349553606,-4.279093710515696,-76.88030510328758,-2.03282357329354,111.5815,49.80749998866942,-0.237394359510018,105.06,7397791,1788939078,2026-09-09T07:31:18Z,NYSE:DIS
26.00066349553606,-4.279093710515696,-76.88030510328758,-2.03282357329354,111.5815,49.80749998866942,-0.237394359510018,105.06,7397791,1788939261,2026-09-09T07:34:21Z,NYSE:DIS
26.00066349553606,-4.279093710515696,-76.88030510328758,-2.03282357329354,111.5815,49.80749998866942,-0.237394359510018,105.06,7397791,1788939441,2026-09-09T07:37:21Z,NYSE:DIS
26.00066349553606,-4.279093710515696,-76.88030510328758,-2.03282357329354,111.5815,49.80749998866942,-0.237394359510018,105.06,7397791,1788939622,2026-09-09T07:40:22Z,NYSE:DIS
26.00066349553606,-4.279093710515696,-76.88030510328758,-2.03282357329354,111.5815,49.80749998866942,-0.237394359510018,105.06,7397791,1788939799,2026-09-09T07:43:19Z,NYSE:DIS
26.00066349553606,-4.279093710515696,-76.88030510328758,-2.03282357329354,111.5815,49.80749998866942,-0.237394359510018,105.06,7397791,1788939983,2026-09-09T07:46:23Z,NYSE:DIS
26.00066349553606,-4.279093710515696,-76.88030510328758,-2.03282357329354,111.5815,49.80749998866942,-0.237394359510018,105.06,7397791,1788940163,2026-09-09T07:49:23Z,NYSE:DIS
26.00066349553606,-4.279093710515696,-76.88030510328758,-2.03282357329354,111.5815,49.80749998866942,-0.237394359510018,105.06,7397791,1788940337,2026-09-09T07:52:17Z,NYSE:DIS
26.00066349553606,-4.279093710515696,-76.88030510328758,-2.03282357329354,111.5815,49.80749998866942,-0.237394359510018,105.06,7397791,1788940521,2026-09-09T07:55:21Z,NYSE:DIS
26.00066349553606,-4.279093710515696,-76.88030510328758,-2.03282357329354,111.5815,49.80749998866942,-0.237394359510018,105.06,7397791,1788940701,2026-09-09T07:58:21Z,NYSE:DIS
26.00066349553606,-4.279093710515696,-76.88030510328758,-2.03282357329354,111.5815,49.80749998866942,-0.237394359510018,105.06,7397791,1788940880,2026-09-09T08:01:20Z,NYSE:DIS
26.00066349553606,-4.279093710515696,-76.88030510328758,-2.03282357329354,111.5815,49.80749998866942,-0.237394359510018,105.06,7397791,1788941053,2026-09-09T08:04:13Z,NYSE:DIS
26.00066349553606,-4.279093710515696,-76.88030510328758,-2.03282357329354,111.5815,49.80749998866942,-0.237394359510018,105.06,7397791,1788941237,2026-09-09T08:07:17Z,NYSE:DIS
26.00066349553606,-4.279093710515696,-76.88030510328758,-2.03282357329354,111.5815,49.80749998866942,-0.237394359510018,105.06,7397791,1788941419,2026-09-09T08:10:19Z,NYSE:DIS
26.00066349553606,-4.279093710515696,-76.88030510328758,-2.03282357329354,111.5815,49.80749998866942,-0.237394359510018,105.06,7397791,1788941598,2026-09-09T08:13:18Z,NYSE:DIS
26.00066349553606,-4.279093710515696,-76.88030510328758,-2.03282357329354,111.5815,49.80749998866942,-0.237394359510018,105.06,7397791,1788941781,2026-09-09T08:16:21Z,NYSE:DIS
26.00066349553606,-4.279093710515696,-76.88030510328758,-2.03282357329354,111.5815,49.80749998866942,-0.237394359510018,105.06,7397791,1788941957,2026-09-09T08:19:17Z,NYSE:DIS
26.00066349553606,-4.279093710515696,-76.88030510328758,-2.03282357329354,111.5815,49.80749998866942,-0.237394359510018,105.06,7397791,1788942140,2026-09-09T08:22:20Z,NYSE:DIS
26.00066349553606,-4.279093710515696,-76.88030510328758,-2.03282357329354,111.5815,49.80749998866942,-0.237394359510018,105.06,7397791,1788942321,2026-09-09T08:25:21Z,NYSE:DIS
26.00066349553606,-4.279093710515696,-76.88030510328758,-2.03282357329354,111.5815,49.80749998866942,-0.237394359510018,105.06,7397791,1788942502,2026-09-09T08:28:22Z,NYSE:DIS
26.00066349553606,-4.279093710515696,-76.88030510328758,-2.03282357329354,111.5815,49.80749998866942,-0.237394359510018,105.06,7397791,1788942684,2026-09-09T08:31:24Z,NYSE:DIS
26.00066349553606,-4.279093710515696,-76.88030510328758,-2.03282357329354,111.5815,49.80749998866942,-0.237394359510018,105.06,7397791,1788942856,2026-09-09T08:34:16Z,NYSE:DIS
26.00066349553606,-4.279093710515696,-76.88030510328758,-2.03282357329354,111.5815,49.80749998866942,-0.237394359510018,105.06,7397791,1788943042,2026-09-09T08:37:22Z,NYSE:DIS
26.00066349553606,-4.279093710515696,-76.88030510328758,-2.03282357329354,111.5815,49.80749998866942,-0.237394359510018,105.06,7397791,1788943215,2026-09-09T08:40:15Z,NYSE:DIS
26.00066349553606,-4.279093710515696,-76.88030510328758,-2.03282357329354,111.5815,49.80749998866942,-0.237394359510018,105.06,7397791,1788943403,2026-09-09T08:43:23Z,NYSE:DIS
26.00066349553606,-4.279093710515696,-76.88030510328758,-2.03282357329354,111.5815,49.80749998866942,-0.237394359510018,105.06,7397791,1788943577,2026-09-09T08:46:17Z,NYSE:DIS
26.00066349553606,-4.279093710515696,-76.88030510328758,-2.03282357329354,111.5815,49.80749998866942,-0.237394359510018,105.06,7397791,1788943760,2026-09-09T08:49:20Z,NYSE:DIS
26.00066349553606,-4.279093710515696,-76.88030510328758,-2.03282357329354,111.5815,49.80749998866942,-0.237394359510018,105.06,7397791,1788943937,2026-09-09T08:52:17Z,NYSE:DIS
26.00066349553606,-4.279093710515696,-76.88030510328758,-2.03282357329354,111.5815,49.80749998866942,-0.237394359510018,105.06,7397791,1788944122,2026-09-09T08:55:22Z,NYSE:DIS
26.00066349553606,-4.279093710515696,-76.88030510328758,-2.03282357329354,111.5815,49.80749998866942,-0.237394359510018,105.06,7397791,1788944301,2026-09-09T08:58:21Z,NYSE:DIS
26.00066349553606,-4.279093710515696,-76.88030510328758,-2.03282357329354,111.5815,49.80749998866942,-0.237394359510018,105.06,7397791,1788944477,2026-09-09T09:01:17Z,NYSE:DIS
26.00066349553606,-4.279093710515696,-76.88030510328758,-2.03282357329354,111.5815,49.80749998866942,-0.237394359510018,105.06,7397791,1788944660,2026-09-09T09:04:20Z,NYSE:DIS
26.00066349553606,-4.279093710515696,-76.88030510328758,-2.03282357329354,111.5815,49.80749998866942,-0.237394359510018,105.06,7397791,1788944837,2026-09-09T09:07:17Z,NYSE:DIS
26.00066349553606,-4.279093710515696,-76.88030510328758,-2.03282357329354,111.5815,49.80749998866942,-0.237394359510018,105.06,7397791,1788945022,2026-09-09T09:10:22Z,NYSE:DIS
26.00066349553606,-4.279093710515696,-76.88030510328758,-2.03282357329354,111.5815,49.80749998866942,-0.237394359510018,105.06,7397791,1788945198,2026-09-09T09:13:18Z,NYSE:DIS
26.00066349553606,-4.279093710515696,-76.88030510328758,-2.03282357329354,111.5815,49.80749998866942,-0.237394359510018,105.06,7397791,1788945378,2026-09-09T09:16:18Z,NYSE:DIS
26.00066349553606,-4.279093710515696,-76.88030510328758,-2.03282357329354,111.5815,49.80749998866942,-0.237394359510018,105.06,7397791,1788945560,2026-09-09T09:19:20Z,NYSE:DIS
26.00066349553606,-4.279093710515696,-76.88030510328758,-2.03282357329354,111.5815,49.80749998866942,-0.237394359510018,105.06,7397791,1788945741,2026-09-09T09:22:21Z,NYSE:DIS
26.00066349553606,-4.279093710515696,-76.88030510328758,-2.03282357329354,111.5815,49.80749998866942,-0.237394359510018,105.06,7397791,1788945918,2026-09-09T09:25:18Z,NYSE:DIS
26.00066349553606,-4.279093710515696,-76.88030510328758,-2.03282357329354,111.5815,49.80749998866942,-0.237394359510018,105.06,7397791,1788946100,2026-09-09T09:28:20Z,NYSE:DIS
26.00066349553606,-4.279093710515696,-76.88030510328758,-2.03282357329354,111.5815,49.80749998866942,-0.237394359510018,105.06,7397791,1788946281,2026-09-09T09:31:21Z,NYSE:DIS
26.00066349553606,-4.279093710515696,-76.88030510328758,-2.03282357329354,111.5815,49.80749998866942,-0.237394359510018,105.06,7397791,1788946459,2026-09-09T09:34:19Z,NYSE:DIS
26.00066349553606,-4.279093710515696,-76.88030510328758,-2.03282357329354,111.5815,49.80749998866942,-0.237394359510018,105.06,7397791,1788946642,2026-09-09T09:37:22Z,NYSE:DIS
26.00066349553606,-4.279093710515696,-76.88030510328758,-2.03282357329354,111.5815,49.80749998866942,-0.237394359510018,105.06,7397791,1788946816,2026-09-09T09:40:16Z,NYSE:DIS
26.00066349553606,-4.279093710515696,-76.88030510328758,-2.03282357329354,111.5815,49.80749998866942,-0.237394359510018,105.06,7397791,1788947001,2026-09-09T09:43:21Z,NYSE:DIS
26.00066349553606,-4.279093710515696,-76.88030510328758,-2.03282357329354,111.5815,49.80749998866942,-0.237394359510018,105.06,7397791,1788947178,2026-09-09T09:46:18Z,NYSE:DIS
26.00066349553606,-4.279093710515696,-76.88030510328758,-2.03282357329354,111.5815,49.80749998866942,-0.237394359510018,105.06,7397791,1788947358,2026-09-09T09:49:18Z,NYSE:DIS
26.00066349553606,-4.279093710515696,-76.88030510328758,-2.03282357329354,111.5815,49.80749998866942,-0.237394359510018,105.06,7397791,1788947537,2026-09-09T09:52:17Z,NYSE:DIS
26.00066349553606,-4.279093710515696,-76.88030510328758,-2.03282357329354,111.5815,49.80749998866942,-0.237394359510018,105.06,7397791,1788947721,2026-09-09T09:55:21Z,NYSE:DIS
26.00066349553606,-4.279093710515696,-76.88030510328758,-2.03282357329354,111.5815,49.80749998866942,-0.237394359510018,105.06,7397791,1788947904,2026-09-09T09:58:24Z,NYSE:DIS
26.00066349553606,-4.279093710515696,-76.88030510328758,-2.03282357329354,111.5815,49.80749998866942,-0.237394359510018,105.06,7397791,1788948076,2026-09-09T10:01:16Z,NYSE:DIS
26.00066349553606,-4.279093710515696,-76.88030510328758,-2.03282357329354,111.5815,49.80749998866942,-0.237394359510018,105.06,7397791,1788948261,2026-09-09T10:04:21Z,NYSE:DIS
26.00066349553606,-4.279093710515696,-76.88030510328758,-2.03282357329354,111.5815,49.80749998866942,-0.237394359510018,105.06,7397791,1788948440,2026-09-09T10:07:20Z,NYSE:DIS
26.00066349553606,-4.279093710515696,-76.88030510328758,-2.03282357329354,111.5815,49.80749998866942,-0.237394359510018,105.06,7397791,1788948616,2026-09-09T10:10:16Z,NYSE:DIS
26.00066349553606,-4.279093710515696,-76.88030510328758,-2.03282357329354,111.5815,49.80749998866942,-0.237394359510018,105.06,7397791,1788948801,2026-09-09T10:13:21Z,NYSE:DIS
26.00066349553606,-4.279093710515696,-76.88030510328758,-2.03282357329354,111.5815,49.80749998866942,-0.237394359510018,105.06,7397791,1788948976,2026-09-09T10:16:16Z,NYSE:DIS
26.00066349553606,-4.279093710515696,-76.88030510328758,-2.03282357329354,111.5815,49.80749998866942,-0.237394359510018,105.06,7397791,1788949163,2026-09-09T10:19:23Z,NYSE:DIS
26.00066349553606,-4.279093710515696,-76.88030510328758,-2.03282357329354,111.5815,49.80749998866942,-0.237394359510018,105.06,7397791,1788949341,2026-09-09T10:22:21Z,NYSE:DIS
26.00066349553606,-4.279093710515696,-76.88030510328758,-2.03282357329354,111.5815,49.80749998866942,-0.237394359510018,105.06,7397791,1788949519,2026-09-09T10:25:19Z,NYSE:DIS
26.00066349553606,-4.279093710515696,-76.88030510328758,-2.03282357329354,111.5815,49.80749998866942,-0.237394359510018,105.06,7397791,1788949698,2026-09-09T10:28:18Z,NYSE:DIS
26.00066349553606,-4.279093710515696,-76.88030510328758,-2.03282357329354,111.5815,49.80749998866942,-0.237394359510018,105.06,7397791,1788949883,2026-09-09T10:31:23Z,NYSE:DIS
26.00066349553606,-4.279093710515696,-76.88030510328758,-2.03282357329354,111.5815,49.80749998866942,-0.237394359510018,105.06,7397791,1788950063,2026-09-09T10:34:23Z,NYSE:DIS
26.00066349553606,-4.279093710515696,-76.88030510328758,-2.03282357329354,111.5815,49.80749998866942,-0.237394359510018,105.06,7397791,1788950241,2026-09-09T10:37:21Z,NYSE:DIS
26.00066349553606,-4.279093710515696,-76.88030510328758,-2.03282357329354,111.5815,49.80749998866942,-0.237394359510018,105.06,7397791,1788950418,2026-09-09T10:40:18Z,NYSE:DIS
26.00066349553606,-4.279093710515696,-76.88030510328758,-2.03282357329354,111.5815,49.80749998866942,-0.237394359510018,105.06,7397791,1788950601,2026-09-09T10:43:21Z,NYSE:DIS
26.00066349553606,-4.279093710515696,-76.88030510328758,-2.03282357329354,111.5815,49.80749998866942,-0.237394359510018,105.06,7397791,1788950781,2026-09-09T10:46:21Z,NYSE:DIS
26.00066349553606,-4.279093710515696,-76.88030510328758,-2.03282357329354,111.5815,49.80749998866942,-0.237394359510018,105.06,7397791,1788950956,2026-09-09T10:49:16Z,NYSE:DIS
26.00066349553606,-4.279093710515696,-76.88030510328758,-2.03282357329354,111.5815,49.80749998866942,-0.237394359510018,105.06,7397791,1788951139,2026-09-09T10:52:19Z,NYSE:DIS
26.00066349553606,-4.279093710515696,-76.88030510328758,-2.03282357329354,111.5815,49.80749998866942,-0.237394359510018,105.06,7397791,1788951320,2026-09-09T10:55:20Z,NYSE:DIS
26.00066349553606,-4.279093710515696,-76.88030510328758,-2.03282357329354,111.5815,49.80749998866942,-0.237394359510018,105.06,7397791,1788951496,2026-09-09T10:58:16Z,NYSE:DIS
26.00066349553606,-4.279093710515696,-76.88030510328758,-2.03282357329354,111.5815,49.80749998866942,-0.237394359510018,105.06,7397791,1788951679,2026-09-09T11:01:19Z,NYSE:DIS
26.00066349553606,-4.279093710515696,-76.88030510328758,-2.03282357329354,111.5815,49.80749998866942,-0.237394359510018,105.06,7397791,1788951858,2026-09-09T11:04:18Z,NYSE:DIS
26.00066349553606,-4.279093710515696,-76.88030510328758,-2.03282357329354,111.5815,49.80749998866942,-0.237394359510018,105.06,7397791,1788952040,2026-09-09T11:07:20Z,NYSE:DIS
26.00066349553606,-4.279093710515696,-76.88030510328758,-2.03282357329354,111.5815,49.80749998866942,-0.237394359510018,105.06,7397791,1788952219,2026-09-09T11:10:19Z,NYSE:DIS
26.00066349553606,-4.279093710515696,-76.88030510328758,-2.03282357329354,111.5815,49.80749998866942,-0.237394359510018,105.06,7397791,1788952397,2026-09-09T11:13:17Z,NYSE:DIS
26.00066349553606,-4.279093710515696,-76.88030510328758,-2.03282357329354,111.5815,49.80749998866942,-0.237394359510018,105.06,7397791,1788952579,2026-09-09T11:16:19Z,NYSE:DIS
26.00066349553606,-4.279093710515696,-76.88030510328758,-2.03282357329354,111.5815,49.80749998866942,-0.237394359510018,105.06,7397791,1788952760,2026-09-09T11:19:20Z,NYSE:DIS
26.00066349553606,-4.279093710515696,-76.88030510328758,-2.03282357329354,111.5815,49.80749998866942,-0.237394359510018,105.06,7397791,1788952940,2026-09-09T11:22:20Z,NYSE:DIS
26.00066349553606,-4.279093710515696,-76.88030510328758,-2.03282357329354,111.5815,49.80749998866942,-0.237394359510018,105.06,7397791,1788953119,2026-09-09T11:25:19Z,NYSE:DIS
26.00066349553606,-4.279093710515696,-76.88030510328758,-2.03282357329354,111.5815,49.80749998866942,-0.237394359510018,105.06,7397791,1788953302,2026-09-09T11:28:22Z,NYSE:DIS
26.00066349553606,-4.279093710515696,-76.88030510328758,-2.03282357329354,111.5815,49.80749998866942,-0.237394359510018,105.06,7397791,1788953483,2026-09-09T11:31:23Z,NYSE:DIS
26.00066349553606,-4.279093710515696,-76.88030510328758,-2.03282357329354,111.5815,49.80749998866942,-0.237394359510018,105.06,7397791,1788953663,2026-09-09T11:34:23Z,NYSE:DIS
26.00066349553606,-4.279093710515696,-76.88030510328758,-2.03282357329354,111.5815,49.80749998866942,-0.237394359510018,105.06,7397791,1788953841,2026-09-09T11:37:21Z,NYSE:DIS
26.00066349553606,-4.279093710515696,-76.88030510328758,-2.03282357329354,111.5815,49.80749998866942,-0.237394359510018,105.06,7397791,1788954023,2026-09-09T11:40:23Z,NYSE:DIS
26.00066349553606,-4.279093710515696,-76.88030510328758,-2.03282357329354,111.5815,49.80749998866942,-0.237394359510018,105.06,7397791,1788954198,2026-09-09T11:43:18Z,NYSE:DIS
26.00066349553606,-4.279093710515696,-76.88030510328758,-2.03282357329354,111.5815,49.80749998866942,-0.237394359510018,105.06,7397791,1788954382,2026-09-09T11:46:22Z,NYSE:DIS
26.00066349553606,-4.279093710515696,-76.88030510328758,-2.03282357329354,111.5815,49.80749998866942,-0.237394359510018,105.06,7397791,1788954557,2026-09-09T11:49:17Z,NYSE:DIS
26.00066349553606,-4.279093710515696,-76.88030510328758,-2.03282357329354,111.5815,49.80749998866942,-0.237394359510018,105.06,7397791,1788954741,2026-09-09T11:52:21Z,NYSE:DIS
26.00066349553606,-4.279093710515696,-76.88030510328758,-2.03282357329354,111.5815,49.80749998866942,-0.237394359510018,105.06,7397791,1788954922,2026-09-09T11:55:22Z,NYSE:DIS
26.00066349553606,-4.279093710515696,-76.88030510328758,-2.03282357329354,111.5815,49.80749998866942,-0.237394359510018,105.06,7397791,1788955098,2026-09-09T11:58:18Z,NYSE:DIS
26.00066349553606,-4.279093710515696,-76.88030510328758,-2.03282357329354,111.5815,49.80749998866942,-0.237394359510018,105.06,7397791,1788955278,2026-09-09T12:01:18Z,NYSE:DIS
26.00066349553606,-4.279093710515696,-76.88030510328758,-2.03282357329354,111.5815,49.80749998866942,-0.237394359510018,105.06,7397791,1788955463,2026-09-09T12:04:23Z,NYSE:DIS
26.00066349553606,-4.279093710515696,-76.88030510328758,-2.03282357329354,111.5815,49.80749998866942,-0.237394359510018,105.06,7397791,1788955635,2026-09-09T12:07:15Z,NYSE:DIS
26.00066349553606,-4.279093710515696,-76.88030510328758,-2.03282357329354,111.5815,49.80749998866942,-0.237394359510018,105.06,7397791,1788955818,2026-09-09T12:10:18Z,NYSE:DIS
26.00066349553606,-4.279093710515696,-76.88030510328758,-2.03282357329354,111.5815,49.80749998866942,-0.237394359510018,105.06,7397791,1788955997,2026-09-09T12:13:17Z,NYSE:DIS
26.00066349553606,-4.279093710515696,-76.88030510328758,-2.03282357329354,111.5815,49.80749998866942,-0.237394359510018,105.06,7397791,1788956178,2026-09-09T12:16:18Z,NYSE:DIS
26.00066349553606,-4.279093710515696,-76.88030510328758,-2.03282357329354,111.5815,49.80749998866942,-0.237394359510018,105.06,7397791,1788956361,2026-09-09T12:19:21Z,NYSE:DIS
26.00066349553606,-4.279093710515696,-76.88030510328758,-2.03282357329354,111.5815,49.80749998866942,-0.237394359510018,105.06,7397791,1788956535,2026-09-09T12:22:15Z,NYSE:DIS
26.00066349553606,-4.279093710515696,-76.88030510328758,-2.03282357329354,111.5815,49.80749998866942,-0.237394359510018,105.06,7397791,1788956718,2026-09-09T12:25:18Z,NYSE:DIS
26.00066349553606,-4.279093710515696,-76.88030510328758,-2.03282357329354,111.5815,49.80749998866942,-0.237394359510018,105.06,7397791,1788956897,2026-09-09T12:28:17Z,NYSE:DIS
26.00066349553606,-4.279093710515696,-76.88030510328758,-2.03282357329354,111.5815,49.80749998866942,-0.237394359510018,105.06,7397791,1788957081,2026-09-09T12:31:21Z,NYSE:DIS
26.00066349553606,-4.279093710515696,-76.88030510328758,-2.03282357329354,111.5815,49.80749998866942,-0.237394359510018,105.06,7397791,1788957255,2026-09-09T12:34:15Z,NYSE:DIS
26.00066349553606,-4.279093710515696,-76.88030510328758,-2.03282357329354,111.5815,49.80749998866942,-0.237394359510018,105.06,7397791,1788957439,2026-09-09T12:37:19Z,NYSE:DIS
26.00066349553606,-4.279093710515696,-76.88030510328758,-2.03282357329354,111.5815,49.80749998866942,-0.237394359510018,105.06,7397791,1788957621,2026-09-09T12:40:21Z,NYSE:DIS
26.00066349553606,-4.279093710515696,-76.88030510328758,-2.03282357329354,111.5815,49.80749998866942,-0.237394359510018,105.06,7397791,1788957799,2026-09-09T12:43:19Z,NYSE:DIS
26.00066349553606,-4.279093710515696,-76.88030510328758,-2.03282357329354,111.5815,49.80749998866942,-0.237394359510018,105.06,7397791,1788957980,2026-09-09T12:46:20Z,NYSE:DIS
26.00066349553606,-4.279093710515696,-76.88030510328758,-2.03282357329354,111.5815,49.80749998866942,-0.237394359510018,105.06,7397791,1788958158,2026-09-09T12:49:18Z,NYSE:DIS
26.00066349553606,-4.279093710515696,-76.88030510328758,-2.03282357329354,111.5815,49.80749998866942,-0.237394359510018,105.06,7397791,1788958337,2026-09-09T12:52:17Z,NYSE:DIS
26.00066349553606,-4.279093710515696,-76.88030510328758,-2.03282357329354,111.5815,49.80749998866942,-0.237394359510018,105.06,7397791,1788958520,2026-09-09T12:55:20Z,NYSE:DIS
26.00066349553606,-4.279093710515696,-76.88030510328758,-2.03282357329354,111.5815,49.80749998866942,-0.237394359510018,105.06,7397791,1788958699,2026-09-09T12:58:19Z,NYSE:DIS
26.00066349553606,-4.279093710515696,-76.88030510328758,-2.03282357329354,111.5815,49.80749998866942,-0.237394359510018,105.06,7397791,1788958880,2026-09-09T13:01:20Z,NYSE:DIS
26.00066349553606,-4.279093710515696,-76.88030510328758,-2.03282357329354,111.5815,49.80749998866942,-0.237394359510018,105.06,7397791,1788959057,2026-09-09T13:04:17Z,NYSE:DIS
26.00066349553606,-4.279093710515696,-76.88030510328758,-2.03282357329354,111.5815,49.80749998866942,-0.237394359510018,105.06,7397791,1788959236,2026-09-09T13:07:16Z,NYSE:DIS
26.00066349553606,-4.279093710515696,-76.88030510328758,-2.03282357329354,111.5815,49.80749998866942,-0.237394359510018,105.06,7397791,1788959425,2026-09-09T13:10:25Z,NYSE:DIS
26.00066349553606,-4.279093710515696,-76.88030510328758,-2.03282357329354,111.5815,49.80749998866942,-0.237394359510018,105.06,7397791,1788959600,2026-09-09T13:13:20Z,NYSE:DIS
26.00066349553606,-4.279093710515696,-76.88030510328758,-2.03282357329354,111.5815,49.80749998866942,-0.237394359510018,105.06,7397791,1788959780,2026-09-09T13:16:20Z,NYSE:DIS
26.00066349553606,-4.279093710515696,-76.88030510328758,-2.03282357329354,111.5815,49.80749998866942,-0.237394359510018,105.06,7397791,1788959957,2026-09-09T13:19:17Z,NYSE:DIS
26.00066349553606,-4.279093710515696,-76.88030510328758,-2.03282357329354,111.5815,49.80749998866942,-0.237394359510018,105.06,7397791,1788960137,2026-09-09T13:22:17Z,NYSE:DIS
26.00066349553606,-4.279093710515696,-76.88030510328758,-2.03282357329354,111.5815,49.80749998866942,-0.237394359510018,105.06,7397791,1788960314,2026-09-09T13:25:14Z,NYSE:DIS
26.00066349553606,-4.279093710515696,-76.88030510328758,-2.03282357329354,111.5815,49.80749998866942,-0.237394359510018,105.06,7397791,1788960497,2026-09-09T13:28:17Z,NYSE:DIS
26.00066349553606,-4.279093710515696,-76.88030510328758,-2.03282357329354,111.5815,49.80749998866942,-0.237394359510018,105.06,7397791,1788960677,2026-09-09T13:31:17Z,NYSE:DIS
26.00066349553606,-4.279093710515696,-76.88030510328758,-2.03282357329354,111.5815,49.80749998866942,-0.237394359510018,105.06,7397791,1788960859,2026-09-09T13:34:19Z,NYSE:DIS
26.00066349553606,-4.279093710515696,-76.88030510328758,-2.03282357329354,111.5815,49.80749998866942,-0.237394359510018,105.06,7397791,1788961040,2026-09-09T13:37:20Z,NYSE:DIS
26.00066349553606,-4.279093710515696,-76.88030510328758,-2.03282357329354,111.5815,49.80749998866942,-0.237394359510018,105.06,7397791,1788961219,2026-09-09T13:40:19Z,NYSE:DIS
26.00066349553606,-4.279093710515696,-76.88030510328758,-2.03282357329354,111.5815,49.80749998866942,-0.237394359510018,105.06,7397791,1788961398,2026-09-09T13:43:18Z,NYSE:DIS
24.372409504148347,-3.617080323299149,-88.3962578848885,-2.1413175897291694,111.5815,48.09421988861141,-0.6044165238911147,104.425,48750,1788961582,2026-09-09T13:46:22Z,NYSE:DIS
24.24769687204623,-4.736737466156299,-112.08192113663308,-2.9132227532564885,111.5815,46.03992142450925,-1.3884446982676637,103.6013,275486,1788961760,2026-09-09T13:49:20Z,NYSE:DIS
24.24769687204623,-4.733508894727734,-112.20201785472884,-2.923812201293216,111.5815,46.01295892213759,-1.3992004568817809,103.59,316317,1788961941,2026-09-09T13:52:21Z,NYSE:DIS
24.28723639148073,-4.7149374661563,-116.6988666381358,-3.247118358166985,111.5815,45.20470117348518,-1.7275842375785242,103.245,406507,1788962116,2026-09-09T13:55:16Z,NYSE:DIS
24.28723639148073,-4.787794609013446,-114.00543914063152,-3.008152937868985,111.5815,45.79933550125016,-1.484865790976587,103.5,476643,1788962301,2026-09-09T13:58:21Z,NYSE:DIS
24.28723639148073,-4.802080323299151,-113.47567112991182,-2.961296973104673,111.5815,45.91776966105953,-1.437273938701699,103.55,529459,1788962481,2026-09-09T14:01:21Z,NYSE:DIS
24.28723639148073,-4.8506517518706005,-111.67040606364212,-2.801986692906002,111.5815,46.32506814204831,-1.2754616409670696,103.72,604575,1788962659,2026-09-09T14:04:19Z,NYSE:DIS
24.28723639148073,-4.873508894727735,-110.8186950798929,-2.727017149283101,111.5815,46.51924870823625,-1.1993146773272465,103.8,663853,1788962840,2026-09-09T14:07:20Z,NYSE:DIS
24.28723639148073,-4.900651751870583,-109.80547435763684,-2.637990816230904,111.5815,46.75196305897082,-1.1088901580049555,103.895,704757,1788963021,2026-09-09T14:10:21Z,NYSE:DIS
24.28723639148073,-4.876451751870604,-110.70893589801008,-2.717364820541651,111.5815,46.5443678079429,-1.189510755758618,103.8103,775252,1788963198,2026-09-09T14:13:18Z,NYSE:DIS
24.28723639148073,-4.9763660375848815,-106.96866579941305,-2.389654202980037,111.5815,47.41359370940712,-0.856653340948035,104.16,842809,1788963382,2026-09-09T14:16:22Z,NYSE:DIS
24.28723639148073,-5.000651751870606,-106.05547049405142,-2.309999062880695,111.5815,47.62979962431868,-0.7757471920807136,104.245,883245,1788963557,2026-09-09T14:19:17Z,NYSE:DIS
24.28723639148073,-4.970651751870605,-107.18330348366143,-2.408396588885759,111.5815,47.36300668307612,-0.8756900818579876,104.14,913030,1788963741,2026-09-09T14:22:21Z,NYSE:DIS
24.28723639148073,-4.98493746615631,-106.64654379567496,-2.361540624121447,111.5815,47.48967718843296,-0.8280982295830996,104.19,938054,1788963919,2026-09-09T14:25:19Z,NYSE:DIS
24.28723639148073,-5.036366037584884,-104.70963186618752,-2.1928591509699085,111.5815,47.95135566639842,-0.6567675613934872,104.37,964625,1788964099,2026-09-09T14:28:19Z,NYSE:DIS
24.28723639148073,-5.004937466156321,-105.89415260597814,-2.2959422734514,111.5815,47.66815845898589,-0.7614696363982458,104.26,988269,1788964279,2026-09-09T14:31:19Z,NYSE:DIS
24.28723639148073,-4.952080323299157,-107.8802671688395,-2.469309343079366,111.5815,47.19934177151482,-0.9375594898153432,104.075,1018823,1788964460,2026-09-09T14:34:20Z,NYSE:DIS
24.28723639148073,-5.014937466156312,-105.51755052720324,-2.263143098116383,111.5815,47.75790313335335,-0.7281553398058258,104.295,1045686,1788964638,2026-09-09T14:37:18Z,NYSE:DIS
24.28723639148073,-4.9763660375848815,-106.96866579941305,-2.389654202980037,111.5815,47.41359370940712,-0.856653340948035,104.16,1074807,1788964824,2026-09-09T14:40:24Z,NYSE:DIS
24.28723639148073,-5.02208032329915,-105.24838290854774,-2.2397151157342337,111.5815,47.822213643011104,-0.7043594136683886,104.32,1091494,1788965000,2026-09-09T14:43:20Z,NYSE:DIS
24.28723639148073,-5.009223180442007,-104.27823138650304,-2.183487958017054,111.5815,47.97726781462485,-0.6472491909385177,104.38,1144806,1788965181,2026-09-09T14:46:21Z,NYSE:DIS
24.28723639148073,-5.019223180442012,-102.92781017180718,-2.08509043201199,111.5815,48.25104582272649,-0.5473063011612439,104.485,1179289,1788965362,2026-09-09T14:49:22Z,NYSE:DIS
24.28723639148073,-4.986366037584872,-103.19817296371274,-2.1272608002998745,111.5815,48.13333072250069,-0.590138968208647,104.44,1250059,1788965539,2026-09-09T14:52:19Z,NYSE:DIS
24.28723639148073,-4.98493746615631,-103.25222879278222,-2.1319463967763017,111.5815,48.12028671191306,-0.5948981534361317,104.435,1274347,1788965715,2026-09-09T14:55:15Z,NYSE:DIS
24.28723639148073,-4.923508894727746,-99.7269655073538,-1.939836941242614,111.5815,48.66095350792762,-0.3997715591090821,104.64,1310848,1788965897,2026-09-09T14:58:17Z,NYSE:DIS
24.28723639148073,-4.862080323299153,-100.59692070064511,-2.042920063724105,111.5815,48.36933810371491,-0.5044736341138407,104.53,1333027,1788966080,2026-09-09T15:01:20Z,NYSE:DIS
24.28723639148073,-4.842080323299172,-101.3569518245767,-2.1085184143941524,111.5815,48.185577558651886,-0.5711022272986946,104.46,1368166,1788966263,2026-09-09T15:04:23Z,NYSE:DIS
24.28723639148073,-4.864937466156306,-100.48825501121988,-2.033548870771237,111.5815,48.39570408710169,-0.4949552636588578,104.54,1393012,1788966441,2026-09-09T15:07:21Z,NYSE:DIS
24.28723639148073,-4.873508894727735,-100.16212306779104,-2.005435291912661,111.5815,48.47497478398953,-0.4664001522939359,104.57,1427838,1788966619,2026-09-09T15:10:19Z,NYSE:DIS
24.28723639148073,-4.847794609013448,-101.13991227349732,-2.089776028488417,111.5815,48.237937941822736,-0.5520654863887287,104.48,1456087,1788966803,2026-09-09T15:13:23Z,NYSE:DIS
24.28723639148073,-4.86922318044202,-100.32521433513466,-2.0194920813419426,111.5815,48.43530700135885,-0.4806777079763901,104.555,1488395,1788966980,2026-09-09T15:16:20Z,NYSE:DIS
24.28723639148073,-4.836366037584867,-101.57390170020788,-2.1272608002998745,111.5815,48.13333072250069,-0.590138968208647,104.44,1521303,1788967161,2026-09-09T15:19:21Z,NYSE:DIS
24.28723639148073,-4.827794609013438,-101.8991584937276,-2.1553743791584643,111.5815,48.05517256229111,-0.6186940795735824,104.41,1546658,1788967337,2026-09-09T15:22:17Z,NYSE:DIS
24.28723639148073,-4.843508894727734,-101.30270034605122,-2.103832817917712,111.5815,48.19865699496415,-0.5663430420711963,104.465,1557858,1788967516,2026-09-09T15:25:16Z,NYSE:DIS
24.28723639148073,-4.876366037584887,-100.0533674383455,-1.9960640989597933,111.5815,48.50145608914384,-0.4568817818389529,104.58,1583444,1788967700,2026-09-09T15:28:20Z,NYSE:DIS
24.28723639148073,-4.84493746615631,-97.3271452018865,-1.8367538187611223,111.5815,48.95610649833199,-0.2950694841043235,104.75,1616948,1788967881,2026-09-09T15:31:21Z,NYSE:DIS
24.28723639148073,-4.814937466156295,-97.98272703645732,-1.9023521694311565,111.5815,48.76786918816069,-0.3616980772891637,104.68,1641865,1788968060,2026-09-09T15:34:20Z,NYSE:DIS
24.28723639148073,-4.780651751870579,-99.29144757222348,-2.0148064848655154,111.5815,48.44852238010575,-0.4759185227489053,104.56,1683762,1788968238,2026-09-09T15:37:18Z,NYSE:DIS
24.28723639148073,-4.777794609013455,-99.40036086561288,-2.024177677818383,111.5815,48.42209883020467,-0.4854368932038884,104.55,1706993,1788968421,2026-09-09T15:40:21Z,NYSE:DIS
24.28723639148073,-4.77350889472774,-99.56368853712812,-2.038234467247678,111.5815,48.38251750338236,-0.4997144488863561,104.535,1737817,1788968599,2026-09-09T15:43:19Z,NYSE:DIS
24.28723639148073,-4.789223180442008,-98.96457235560148,-1.9866929060069256,111.5815,48.52796634295981,-0.4473634113839699,104.59,1760565,1788968779,2026-09-09T15:46:19Z,NYSE:DIS
24.28723639148073,-4.780651751870579,-99.29144757222348,-2.0148064848655154,111.5815,48.44852238010575,-0.4759185227489053,104.56,1785584,1788968963,2026-09-09T15:49:23Z,NYSE:DIS
24.28723639148073,-4.79208032329916,-98.85556881454968,-1.977321713054072,111.5815,48.55450559293221,-0.4378450409290005,104.6,1804389,1788969136,2026-09-09T15:52:16Z,NYSE:DIS
24.28723639148073,-4.77208032329915,-99.61811982618116,-2.042920063724105,111.5815,48.36933810371491,-0.5044736341138407,104.53,1825720,1788969324,2026-09-09T15:55:24Z,NYSE:DIS
24.28723639148073,-4.783508894727731,-99.18251172742936,-2.005435291912661,111.5815,48.47497478398953,-0.4664001522939359,104.57,1854456,1788969501,2026-09-09T15:58:21Z,NYSE:DIS
24.28723639148073,-4.783508894727731,-99.18251172742936,-2.005435291912661,111.5815,48.47497478398953,-0.4664001522939359,104.57,1872604,1788969681,2026-09-09T16:01:21Z,NYSE:DIS
24.28723639148073,-4.77208032329915,-99.61811982618116,-2.042920063724105,111.5815,48.36933810371491,-0.5044736341138407,104.53,1893173,1788969861,2026-09-09T16:04:21Z,NYSE:DIS
24.28723639148073,-4.800651751870589,-98.5284226866728,-1.9492081341954817,111.5815,48.63429779629765,-0.4092899295640651,104.63,1920153,1788970040,2026-09-09T16:07:20Z,NYSE:DIS
24.28723639148073,-4.759223180442007,-100.10774806543895,-2.08509043201199,111.5815,48.25104582272649,-0.5473063011612439,104.485,1945371,1788970223,2026-09-09T16:10:23Z,NYSE:DIS
24.28723639148073,-4.722080323299167,-101.51967263533334,-2.206915940399204,111.5815,47.91253988263573,-0.6710451170759549,104.355,1972053,1788970397,2026-09-09T16:13:17Z,NYSE:DIS
24.28723639148073,-4.740651751870587,-100.81418468374822,-2.1460031862055966,111.5815,48.08119706441762,-0.6091757091185994,104.42,1996564,1788970580,2026-09-09T16:16:20Z,NYSE:DIS
24.28723639148073,-4.754937466156292,-100.27085620176685,-2.0991472214412847,111.5815,48.21174353373778,-0.5615838568437116,104.47,2026570,1788970760,2026-09-09T16:19:20Z,NYSE:DIS
24.28723639148073,-4.754966037584865,-100.2697689817565,-2.099053509511753,111.5815,48.2120053369981,-0.5614886731391586,104.4701,2068736,1788970940,2026-09-09T16:22:20Z,NYSE:DIS
24.28723639148073,-4.722080323299167,-101.51967263533334,-2.206915940399204,111.5815,47.91253988263573,-0.6710451170759549,104.355,2090037,1788971119,2026-09-09T16:25:19Z,NYSE:DIS
24.28723639148073,-4.712080323299148,-101.8991584937276,-2.2397151157342337,111.5815,47.822213643011104,-0.7043594136683886,104.32,2120694,1788971298,2026-09-09T16:28:18Z,NYSE:DIS
24.28723639148073,-4.717794609013453,-101.68234302709568,-2.2209727298284982,111.5815,47.87378688944134,-0.6853226727584227,104.34,2143735,1788971479,2026-09-09T16:31:19Z,NYSE:DIS
24.28723639148073,-4.703508894727747,-102.22421382984405,-2.26782869459281,111.5815,47.745061781927184,-0.7329145250333104,104.29,2162704,1788971662,2026-09-09T16:34:22Z,NYSE:DIS
24.28723639148073,-4.680651751870585,-103.0900445788513,-2.342798238215725,111.5815,47.5405353079158,-0.8090614886731472,104.21,2186187,1788971837,2026-09-09T16:37:17Z,NYSE:DIS
24.28723639148073,-4.692080323299166,-102.65730788984924,-2.305313466404268,111.5815,47.64257904124072,-0.7709880068532289,104.25,2207534,1788972021,2026-09-09T16:40:21Z,NYSE:DIS
24.28723639148073,-4.720651751870577,-101.57390170020788,-2.211601536875644,111.5815,47.89961524903578,-0.6758043023034532,104.35,2225336,1788972201,2026-09-09T16:43:21Z,NYSE:DIS
24.28723639148073,-4.7292231804420055,-101.2484432619424,-2.183487958017054,111.5815,47.97726781462485,-0.6472491909385177,104.38,2244159,1788972380,2026-09-09T16:46:20Z,NYSE:DIS
24.28723639148073,-4.704937466156309,-102.17005192264548,-2.263143098116383,111.5815,47.75790313335335,-0.7281553398058258,104.295,2264528,1788972559,2026-09-09T16:49:19Z,NYSE:DIS
24.28723639148073,-4.6892231804420135,-102.76552554834646,-2.314684659357136,111.5815,47.61702706133714,-0.7805063773082118,104.24,2285237,1788972739,2026-09-09T16:52:19Z,NYSE:DIS
24.28723639148073,-4.683508894727737,-102.98189388593894,-2.3334270452628574,111.5815,47.56600523865626,-0.7995431182181643,104.22,2313375,1788972923,2026-09-09T16:55:23Z,NYSE:DIS
24.28723639148073,-4.707794609013462,-102.06171133226084,-2.253771905163515,111.5815,47.783606569959126,-0.7186369693508428,104.305,2335307,1788973099,2026-09-09T16:58:19Z,NYSE:DIS
24.28723639148073,-4.720651751870577,-101.57390170020788,-2.211601536875644,111.5815,47.89961524903578,-0.6758043023034532,104.35,2357201,1788973281,2026-09-09T17:01:21Z,NYSE:DIS
24.28723639148073,-4.723508894727729,-101.46543796834904,-2.202230343922776,111.5815,47.925471492961385,-0.6662859318484702,104.36,2384472,1788973452,2026-09-09T17:04:12Z,NYSE:DIS
24.28723639148073,-4.709223180442024,-102.00753264734448,-2.249086308687088,111.5815,47.79646866630067,-0.7138777841233581,104.31,2404888,1788973642,2026-09-09T17:07:22Z,NYSE:DIS
24.28723639148073,-4.683508894727737,-102.98189388593894,-2.3334270452628574,111.5815,47.56600523865626,-0.7995431182181643,104.22,2422212,1788973822,2026-09-09T17:10:22Z,NYSE:DIS
24.28723639148073,-4.684937466156299,-102.92781017180718,-2.32874144878643,111.5815,47.578750440940965,-0.7947839329906796,104.225,2437424,1788973999,2026-09-09T17:13:19Z,NYSE:DIS
24.28723639148073,-4.679223180442023,-103.14411155935622,-2.3474838346921523,111.5815,47.52781056850003,-0.813820673900632,104.205,2462668,1788974179,2026-09-09T17:16:19Z,NYSE:DIS
24.28723639148073,-4.680651751870585,-103.0900445788513,-2.342798238215725,111.5815,47.5405353079158,-0.8090614886731472,104.21,2483612,1788974366,2026-09-09T17:19:26Z,NYSE:DIS
24.28723639148073,-4.694937466156318,-102.54906789566672,-2.2959422734514,111.5815,47.66815845898589,-0.7614696363982458,104.26,2499665,1788974537,2026-09-09T17:22:17Z,NYSE:DIS
24.28723639148073,-4.692080323299166,-102.65730788984924,-2.305313466404268,111.5815,47.64257904124072,-0.7709880068532289,104.25,2514253,1788974719,2026-09-09T17:25:19Z,NYSE:DIS
24.28723639148073,-4.754937466156292,-100.27085620176685,-2.0991472214412847,111.5815,48.21174353373778,-0.5615838568437116,104.47,2543937,1788974899,2026-09-09T17:28:19Z,NYSE:DIS
24.28723639148073,-4.769223180442026,-99.7269655073538,-2.052291256676973,111.5815,48.34300083306506,-0.5139920045688238,104.52,2559599,1788975080,2026-09-09T17:31:20Z,NYSE:DIS
24.28723639148073,-4.776366037584864,-99.45480905771848,-2.0288632742948103,111.5815,48.408897860748446,-0.4901960784313731,104.545,2579155,1788975261,2026-09-09T17:34:21Z,NYSE:DIS
24.28723639148073,-4.787794609013446,-99.01906566102916,-1.9913785024833663,111.5815,48.5147075945031,-0.4521225966114682,104.585,2595360,1788975440,2026-09-09T17:37:20Z,NYSE:DIS
24.28723639148073,-4.803508894727742,-98.41932878574008,-1.939836941242614,111.5815,48.66095350792762,-0.3997715591090821,104.64,2618695,1788975620,2026-09-09T17:40:20Z,NYSE:DIS
24.28723639148073,-4.786366037584884,-99.0735533242244,-1.9960640989597933,111.5815,48.50145608914384,-0.4568817818389529,104.58,2631296,1788975796,2026-09-09T17:43:16Z,NYSE:DIS
24.28723639148073,-4.804937466156304,-98.36477335789188,-1.9351513447661868,111.5815,48.67429232393575,-0.3950123738815974,104.645,2662313,1788975979,2026-09-09T17:46:19Z,NYSE:DIS
24.28723639148073,-4.794937466156313,-98.74654269405612,-1.967950520101204,111.5815,48.58107388665991,-0.4283266704740175,104.61,2682636,1788976157,2026-09-09T17:49:17Z,NYSE:DIS
24.28723639148073,-4.820651751870599,-97.76429037601685,-1.8836097835254344,111.5815,48.82150340481938,-0.3426613363792113,104.7,2702600,1788976338,2026-09-09T17:52:18Z,NYSE:DIS
24.28723639148073,-4.803508894727742,-98.41932878574008,-1.939836941242614,111.5815,48.66095350792762,-0.3997715591090821,104.64,2717476,1788976514,2026-09-09T17:55:14Z,NYSE:DIS
24.28723639148073,-4.800651751870589,-98.5284226866728,-1.9492081341954817,111.5815,48.63429779629765,-0.4092899295640651,104.63,2746514,1788976704,2026-09-09T17:58:24Z,NYSE:DIS
24.28723639148073,-4.819223180442009,-97.8189080325785,-1.888295380001875,111.5815,48.80808379379026,-0.3474205216067095,104.695,2765338,1788976874,2026-09-09T18:01:14Z,NYSE:DIS
24.28723639148073,-4.815651751870604,-97.7096670570218,-1.8836097835254344,111.5815,48.82150340481938,-0.3426613363792113,104.7,2781390,1788977059,2026-09-09T18:04:19Z,NYSE:DIS
24.28723639148073,-4.80136603758487,-98.25564554303548,-1.9304657482897465,111.5815,48.68763845475321,-0.3902531886540991,104.65,2797058,1788977237,2026-09-09T18:07:17Z,NYSE:DIS
24.28723639148073,-4.818508894727728,-97.60040342820338,-1.87423859057258,111.5815,48.79467155805529,-0.3331429659242418,104.71,2814160,1788977418,2026-09-09T18:10:18Z,NYSE:DIS
24.28723639148073,-4.817080323299166,-97.6550380747103,-1.8695529940961395,111.5815,48.834930397227694,-0.3379021511517266,104.705,2826706,1788977597,2026-09-09T18:13:17Z,NYSE:DIS
24.28723639148073,-4.818508894727728,-97.60040342820338,-1.87423859057258,111.5815,48.84836477710702,-0.3331429659242418,104.71,2850610,1788977775,2026-09-09T18:16:15Z,NYSE:DIS
24.28723639148073,-4.799937466156294,-96.34224121186108,-1.8039546434261056,111.5815,49.05077113484325,-0.2617551875119033,104.785,2874149,1788977964,2026-09-09T18:19:24Z,NYSE:DIS
24.28723639148073,-4.775651751870598,-97.27247655169572,-1.8836097835254344,111.5815,48.82150340481938,-0.3426613363792113,104.7,2909323,1788978138,2026-09-09T18:22:18Z,NYSE:DIS
24.28723639148073,-4.775651751870598,-97.27247655169572,-1.8836097835254344,111.5815,48.82150340481938,-0.3426613363792113,104.7,2931204,1788978322,2026-09-09T18:25:22Z,NYSE:DIS
24.28723639148073,-4.77708032329916,-97.21780223113883,-1.8789241870490072,111.5815,48.82150340481938,-0.3379021511517266,104.705,2953224,1788978494,2026-09-09T18:28:14Z,NYSE:DIS
24.28723639148073,-4.767080323299169,-97.6004034282024,-1.911723362384024,111.5815,48.74109624658824,-0.3712164477441467,104.67,2968652,1788978674,2026-09-09T18:31:14Z,NYSE:DIS
24.28723639148073,-4.802794609013446,-96.232693821731,-1.794583450473238,111.5815,49.07788545370984,-0.2522368170569203,104.795,2984662,1788978861,2026-09-09T18:34:21Z,NYSE:DIS
24.28723639148073,-4.780223180442008,-97.0974987618736,-1.868615874800862,111.5815,48.86449579301116,-0.3274319436512548,104.716,3005070,1788979037,2026-09-09T18:37:17Z,NYSE:DIS
24.28723639148073,-4.779937466156312,-97.10843657539492,-1.8695529940961395,111.5815,48.861806550555926,-0.3283837806967436,104.715,3027877,1788979220,2026-09-09T18:40:20Z,NYSE:DIS
24.28723639148073,-4.779251751870604,-95.40926549608707,-1.757004966732262,111.5815,49.18691565719472,-0.2140681515324626,104.8351,3046846,1788979404,2026-09-09T18:43:24Z,NYSE:DIS
24.28723639148073,-4.766366037584888,-95.90391513112272,-1.799269046949665,111.5815,49.064324548244,-0.2569960022844051,104.79,3088315,1788979583,2026-09-09T18:46:23Z,NYSE:DIS
24.28723639148073,-4.719223180442029,-94.25694390271276,-1.7242995033267634,111.5815,49.282202325399496,-0.1808490386445818,104.87,3117681,1788979762,2026-09-09T18:49:22Z,NYSE:DIS
24.28723639148073,-4.7106517518706,-94.58674915850536,-1.7524130821853532,111.5815,49.2002717734037,-0.2094041500095173,104.84,3130836,1788979936,2026-09-09T18:52:16Z,NYSE:DIS
24.28723639148073,-4.707794609013448,-94.69663852375136,-1.761784275138221,111.5815,49.17302209263151,-0.2189225204645002,104.83,3151444,1788980123,2026-09-09T18:55:23Z,NYSE:DIS
24.28723639148073,-4.724937466156305,-94.036959360788,-1.705557117421041,111.5815,49.336974455786375,-0.1618122977346294,104.89,3173191,1788980304,2026-09-09T18:58:24Z,NYSE:DIS
24.28723639148073,-4.634937466156302,-96.50651965884322,-1.9351513447661868,111.5815,48.67429232393575,-0.3950123738815974,104.645,3450485,1788980483,2026-09-09T19:01:23Z,NYSE:DIS
24.28723639148073,-4.606366037584863,-97.6004034282024,-2.0288632742948103,111.5815,48.408897860748446,-0.4901960784313731,104.545,3500238,1788980661,2026-09-09T19:04:21Z,NYSE:DIS
24.28723639148073,-4.593480323299147,-98.09300313911996,-2.071127354512227,111.5815,48.29014958708141,-0.5331239291833292,104.4999,3545939,1788980843,2026-09-09T19:07:23Z,NYSE:DIS
24.28723639148073,-4.457794609013448,-103.25222879278172,-2.5161653078436776,111.5815,47.07421333022271,-0.9851513420902308,104.025,3715290,1788981018,2026-09-09T19:10:18Z,NYSE:DIS
24.28723639148073,-4.493508894727725,-101.89915849372665,-2.399025395932892,111.5815,47.388286695824746,-0.8661717114030045,104.15,3878043,1788981200,2026-09-09T19:13:20Z,NYSE:DIS
24.28723639148073,-4.53636603758487,-100.27085620176685,-2.258457501639956,111.5815,47.77075139417132,-0.723396154578341,104.3,3905927,1788981379,2026-09-09T19:16:19Z,NYSE:DIS
24.28723639148073,-4.527794609013441,-100.59692070064511,-2.286571080498545,111.5815,47.69376535879068,-0.7519512659432764,104.27,3960591,1788981556,2026-09-09T19:19:16Z,NYSE:DIS
24.28723639148073,-4.559223180442004,-99.40036086561288,-2.183487958017054,111.5815,47.97726781462485,-0.6472491909385177,104.38,3984800,1788981736,2026-09-09T19:22:16Z,NYSE:DIS
24.28723639148073,-4.5749374661563,-98.80105857717228,-2.1319463967763017,111.5815,48.12028671191306,-0.5948981534361317,104.435,4013826,1788981924,2026-09-09T19:25:24Z,NYSE:DIS
24.28723639148073,-4.6235088947277205,-96.94434554196576,-1.972636116577631,111.5815,48.56778610634768,-0.4330858557015022,104.605,4051234,1788982102,2026-09-09T19:28:22Z,NYSE:DIS
24.28723639148073,-4.656366037584874,-95.68461549963266,-1.8648673976197123,111.5815,48.87525572367955,-0.3236245954692588,104.72,4099894,1788982283,2026-09-09T19:31:23Z,NYSE:DIS
24.28723639148073,-4.643508894727731,-96.17791159636651,-1.907037765907597,111.5815,48.754479041864215,-0.366457262516662,104.675,4135772,1788982459,2026-09-09T19:34:19Z,NYSE:DIS
24.28723639148073,-4.646366037584883,-96.06833008061172,-1.8976665729547293,111.5815,48.78126669153602,-0.356938892061679,104.685,4170331,1788982634,2026-09-09T19:37:14Z,NYSE:DIS
24.28723639148073,-4.636366037584864,-96.45176586043104,-1.9304657482897465,111.5815,48.68763845475321,-0.3902531886540991,104.65,4220588,1788982820,2026-09-09T19:40:20Z,NYSE:DIS
24.28723639148073,-4.604937466156301,-97.65503807470932,-2.033548870771237,111.5815,48.39570408710169,-0.4949552636588578,104.54,4258992,1788983005,2026-09-09T19:43:25Z,NYSE:DIS
24.28723639148073,-4.579223180442014,-98.637493987103,-2.117889607347007,111.5815,48.15943997029584,-0.580620597753664,104.45,4335928,1788983182,2026-09-09T19:46:22Z,NYSE:DIS
24.28723639148073,-4.580651751870576,-98.58296116151185,-2.11320401087058,111.5815,48.17250521902054,-0.5758614125261793,104.455,4382825,1788983358,2026-09-09T19:49:18Z,NYSE:DIS
24.28723639148073,-4.550651751870575,-99.7269655073538,-2.211601536875644,111.5815,47.89961524903578,-0.6758043023034532,104.35,4438194,1788983537,2026-09-09T19:52:17Z,NYSE:DIS
24.28723639148073,-4.520651751870602,-100.86848664382292,-2.309999062880695,111.5815,47.62979962431868,-0.7757471920807136,104.245,4474793,1788983718,2026-09-09T19:55:18Z,NYSE:DIS
24.28723639148073,-4.500651751870592,-101.6281251638388,-2.375597413550742,111.5815,47.45160495104717,-0.8423757852655674,104.175,4578109,1788983898,2026-09-09T19:58:18Z,NYSE:DIS
24.28723639148073,-4.509223180442021,-101.30270034605122,-2.3474838346921523,111.5815,47.52781056850003,-0.813820673900632,104.205,4660737,1788984080,2026-09-09T20:01:20Z,NYSE:DIS
24.28723639148073,-4.519223180442012,-100.92278299135724,-2.314684659357136,111.5815,47.61702706133714,-0.7805063773082118,104.24,4732223,1788984259,2026-09-09T20:04:19Z,NYSE:DIS
24.28723639148073,-4.493508894727725,-101.89915849372665,-2.399025395932892,111.5815,47.388286695824746,-0.8661717114030045,104.15,4819759,1788984442,2026-09-09T20:07:22Z,NYSE:DIS
24.28723639148073,-4.516366037584888,-101.0313588522868,-2.3240558523099897,111.5815,47.59150247515191,-0.7900247477631813,104.23,4906658,1788984623,2026-09-09T20:10:23Z,NYSE:DIS
24.28723639148073,-4.5449374661562985,-99.9445893064473,-2.230343922781366,111.5815,47.84798636909503,-0.6948410432134057,104.33,5079374,1788984798,2026-09-09T20:13:18Z,NYSE:DIS
24.28723639148073,-4.49922318044203,-101.68234302709568,-2.380283010027169,111.5815,47.43892776710459,-0.8471349704930522,104.17,5459552,1788984977,2026-09-09T20:16:17Z,NYSE:DIS
24.28723639148073,-4.49922318044203,-101.68234302709568,-2.380283010027169,111.5815,47.43892776710459,-0.8471349704930522,104.17,5459590,1788985160,2026-09-09T20:19:20Z,NYSE:DIS
24.28723639148073,-4.502080323299154,-101.57390170020788,-2.370911817074301,111.5815,47.46428891229099,-0.8376166000380691,104.18,7032132,1788985337,2026-09-09T20:22:17Z,NYSE:DIS
24.28723639148073,-4.502080323299154,-101.57390170020788,-2.370911817074301,111.5815,47.46428891229099,-0.8376166000380691,104.18,7032293,1788985520,2026-09-09T20:25:20Z,NYSE:DIS
24.28723639148073,-4.502080323299154,-101.57390170020788,-2.370911817074301,111.5815,47.46428891229099,-0.8376166000380691,104.18,7032332,1788985698,2026-09-09T20:28:18Z,NYSE:DIS
24.28723639148073,-4.502080323299154,-101.57390170020788,-2.370911817074301,111.5815,47.46428891229099,-0.8376166000380691,104.18,7032404,1788985881,2026-09-09T20:31:21Z,NYSE:DIS
24.28723639148073,-4.502080323299154,-101.57390170020788,-2.370911817074301,111.5815,47.46428891229099,-0.8376166000380691,104.18,7032968,1788986059,2026-09-09T20:34:19Z,NYSE:DIS
24.28723639148073,-4.502080323299154,-101.57390170020788,-2.370911817074301,111.5815,47.46428891229099,-0.8376166000380691,104.18,7033560,1788986238,2026-09-09T20:37:18Z,NYSE:DIS
24.28723639148073,-4.502080323299154,-101.57390170020788,-2.370911817074301,111.5815,47.46428891229099,-0.8376166000380691,104.18,7033566,1788986416,2026-09-09T20:40:16Z,NYSE:DIS
24.28723639148073,-4.502080323299154,-101.57390170020788,-2.370911817074301,111.5815,47.46428891229099,-0.8376166000380691,104.18,7033569,1788986602,2026-09-09T20:43:22Z,NYSE:DIS
24.28723639148073,-4.502080323299154,-101.57390170020788,-2.370911817074301,111.5815,47.46428891229099,-0.8376166000380691,104.18,7036578,1788986780,2026-09-09T20:46:20Z,NYSE:DIS
24.28723639148073,-4.502080323299154,-101.57390170020788,-2.370911817074301,111.5815,47.46428891229099,-0.8376166000380691,104.18,7036617,1788986957,2026-09-09T20:49:17Z,NYSE:DIS
24.28723639148073,-4.502080323299154,-101.57390170020788,-2.370911817074301,111.5815,47.46428891229099,-0.8376166000380691,104.18,7036735,1788987146,2026-09-09T20:52:26Z,NYSE:DIS
24.28723639148073,-4.502080323299154,-101.57390170020788,-2.370911817074301,111.5815,47.46428891229099,-0.8376166000380691,104.18,7036745,1788987318,2026-09-09T20:55:18Z,NYSE:DIS
24.28723639148073,-4.502080323299154,-101.57390170020788,-2.370911817074301,111.5815,47.46428891229099,-0.8376166000380691,104.18,7036745,1788987506,2026-09-09T20:58:26Z,NYSE:DIS
24.28723639148073,-4.502080323299154,-101.57390170020788,-2.370911817074301,111.5815,47.46428891229099,-0.8376166000380691,104.18,7036858,1788987678,2026-09-09T21:01:18Z,NYSE:DIS
24.28723639148073,-4.502080323299154,-101.57390170020788,-2.370911817074301,111.5815,47.46428891229099,-0.8376166000380691,104.18,7036858,1788987858,2026-09-09T21:04:18Z,NYSE:DIS
24.28723639148073,-4.502080323299154,-101.57390170020788,-2.370911817074301,111.5815,47.46428891229099,-0.8376166000380691,104.18,7036858,1788988041,2026-09-09T21:07:21Z,NYSE:DIS
24.28723639148073,-4.502080323299154,-101.57390170020788,-2.370911817074301,111.5815,47.46428891229099,-0.8376166000380691,104.18,7036865,1788988225,2026-09-09T21:10:25Z,NYSE:DIS
24.28723639148073,-4.502080323299154,-101.57390170020788,-2.370911817074301,111.5815,47.46428891229099,-0.8376166000380691,104.18,7036865,1788988401,2026-09-09T21:13:21Z,NYSE:DIS
24.28723639148073,-4.502080323299154,-101.57390170020788,-2.370911817074301,111.5815,47.46428891229099,-0.8376166000380691,104.18,7036870,1788988583,2026-09-09T21:16:23Z,NYSE:DIS
24.28723639148073,-4.502080323299154,-101.57390170020788,-2.370911817074301,111.5815,47.46428891229099,-0.8376166000380691,104.18,7036872,1788988755,2026-09-09T21:19:15Z,NYSE:DIS
24.28723639148073,-4.502080323299154,-101.57390170020788,-2.370911817074301,111.5815,47.46428891229099,-0.8376166000380691,104.18,7036922,1788988940,2026-09-09T21:22:20Z,NYSE:DIS
24.28723639148073,-4.502080323299154,-101.57390170020788,-2.370911817074301,111.5815,47.46428891229099,-0.8376166000380691,104.18,7036927,1788989122,2026-09-09T21:25:22Z,NYSE:DIS
24.28723639148073,-4.502080323299154,-101.57390170020788,-2.370911817074301,111.5815,47.46428891229099,-0.8376166000380691,104.18,7036934,1788989299,2026-09-09T21:28:19Z,NYSE:DIS
24.28723639148073,-4.502080323299154,-101.57390170020788,-2.370911817074301,111.5815,47.46428891229099,-0.8376166000380691,104.18,7037071,1788989481,2026-09-09T21:31:21Z,NYSE:DIS
24.28723639148073,-4.502080323299154,-101.57390170020788,-2.370911817074301,111.5815,47.46428891229099,-0.8376166000380691,104.18,7037080,1788989662,2026-09-09T21:34:22Z,NYSE:DIS
24.28723639148073,-4.502080323299154,-101.57390170020788,-2.370911817074301,111.5815,47.46428891229099,-0.8376166000380691,104.18,7037178,1788989842,2026-09-09T21:37:22Z,NYSE:DIS
24.28723639148073,-4.502080323299154,-101.57390170020788,-2.370911817074301,111.5815,47.46428891229099,-0.8376166000380691,104.18,7037252,1788990020,2026-09-09T21:40:20Z,NYSE:DIS
24.28723639148073,-4.502080323299154,-101.57390170020788,-2.370911817074301,111.5815,47.46428891229099,-0.8376166000380691,104.18,7037252,1788990197,2026-09-09T21:43:17Z,NYSE:DIS
24.28723639148073,-4.502080323299154,-101.57390170020788,-2.370911817074301,111.5815,47.46428891229099,-0.8376166000380691,104.18,7037274,1788990380,2026-09-09T21:46:20Z,NYSE:DIS
24.28723639148073,-4.502080323299154,-101.57390170020788,-2.370911817074301,111.5815,47.46428891229099,-0.8376166000380691,104.18,7037294,1788990560,2026-09-09T21:49:20Z,NYSE:DIS
24.28723639148073,-4.502080323299154,-101.57390170020788,-2.370911817074301,111.5815,47.46428891229099,-0.8376166000380691,104.18,7037295,1788990743,2026-09-09T21:52:23Z,NYSE:DIS
24.28723639148073,-4.502080323299154,-101.57390170020788,-2.370911817074301,111.5815,47.46428891229099,-0.8376166000380691,104.18,7037345,1788990922,2026-09-09T21:55:22Z,NYSE:DIS
24.28723639148073,-4.502080323299154,-101.57390170020788,-2.370911817074301,111.5815,47.46428891229099,-0.8376166000380691,104.18,7037349,1788991102,2026-09-09T21:58:22Z,NYSE:DIS
24.28723639148073,-4.502080323299154,-101.57390170020788,-2.370911817074301,111.5815,47.46428891229099,-0.8376166000380691,104.18,7037349,1788991281,2026-09-09T22:01:21Z,NYSE:DIS
24.28723639148073,-4.502080323299154,-101.57390170020788,-2.370911817074301,111.5815,47.46428891229099,-0.8376166000380691,104.18,7037349,1788991458,2026-09-09T22:04:18Z,NYSE:DIS
24.28723639148073,-4.502080323299154,-101.57390170020788,-2.370911817074301,111.5815,47.46428891229099,-0.8376166000380691,104.18,7037351,1788991643,2026-09-09T22:07:23Z,NYSE:DIS
24.28723639148073,-4.502080323299154,-101.57390170020788,-2.370911817074301,111.5815,47.46428891229099,-0.8376166000380691,104.18,7037569,1788991818,2026-09-09T22:10:18Z,NYSE:DIS
24.28723639148073,-4.502080323299154,-101.57390170020788,-2.370911817074301,111.5815,47.46428891229099,-0.8376166000380691,104.18,7037899,1788992000,2026-09-09T22:13:20Z,NYSE:DIS
24.28723639148073,-4.502080323299154,-101.57390170020788,-2.370911817074301,111.5815,47.46428891229099,-0.8376166000380691,104.18,7038032,1788992180,2026-09-09T22:16:20Z,NYSE:DIS
24.28723639148073,-4.502080323299154,-101.57390170020788,-2.370911817074301,111.5815,47.46428891229099,-0.8376166000380691,104.18,7038046,1788992360,2026-09-09T22:19:20Z,NYSE:DIS
24.28723639148073,-4.502080323299154,-101.57390170020788,-2.370911817074301,111.5815,47.46428891229099,-0.8376166000380691,104.18,7038066,1788992538,2026-09-09T22:22:18Z,NYSE:DIS
24.28723639148073,-4.502080323299154,-101.57390170020788,-2.370911817074301,111.5815,47.46428891229099,-0.8376166000380691,104.18,7038066,1788992720,2026-09-09T22:25:20Z,NYSE:DIS
24.28723639148073,-4.502080323299154,-101.57390170020788,-2.370911817074301,111.5815,47.46428891229099,-0.8376166000380691,104.18,7038067,1788992903,2026-09-09T22:28:23Z,NYSE:DIS
24.28723639148073,-4.502080323299154,-101.57390170020788,-2.370911817074301,111.5815,47.46428891229099,-0.8376166000380691,104.18,7038170,1788993082,2026-09-09T22:31:22Z,NYSE:DIS
24.28723639148073,-4.502080323299154,-101.57390170020788,-2.370911817074301,111.5815,47.46428891229099,-0.8376166000380691,104.18,7038171,1788993259,2026-09-09T22:34:19Z,NYSE:DIS
24.28723639148073,-4.502080323299154,-101.57390170020788,-2.370911817074301,111.5815,47.46428891229099,-0.8376166000380691,104.18,7038394,1788993440,2026-09-09T22:37:20Z,NYSE:DIS
24.28723639148073,-4.502080323299154,-101.57390170020788,-2.370911817074301,111.5815,47.46428891229099,-0.8376166000380691,104.18,7038404,1788993620,2026-09-09T22:40:20Z,NYSE:DIS
24.28723639148073,-4.502080323299154,-101.57390170020788,-2.370911817074301,111.5815,47.46428891229099,-0.8376166000380691,104.18,7038494,1788993804,2026-09-09T22:43:24Z,NYSE:DIS
24.28723639148073,-4.502080323299154,-101.57390170020788,-2.370911817074301,111.5815,47.46428891229099,-0.8376166000380691,104.18,7038496,1788993983,2026-09-09T22:46:23Z,NYSE:DIS
24.28723639148073,-4.502080323299154,-101.57390170020788,-2.370911817074301,111.5815,47.46428891229099,-0.8376166000380691,104.18,7038496,1788994156,2026-09-09T22:49:16Z,NYSE:DIS
24.28723639148073,-4.502080323299154,-101.57390170020788,-2.370911817074301,111.5815,47.46428891229099,-0.8376166000380691,104.18,7039604,1788994343,2026-09-09T22:52:23Z,NYSE:DIS
24.28723639148073,-4.502080323299154,-101.57390170020788,-2.370911817074301,111.5815,47.46428891229099,-0.8376166000380691,104.18,7039604,1788994518,2026-09-09T22:55:18Z,NYSE:DIS
24.28723639148073,-4.502080323299154,-101.57390170020788,-2.370911817074301,111.5815,47.46428891229099,-0.8376166000380691,104.18,7039605,1788994703,2026-09-09T22:58:23Z,NYSE:DIS
24.28723639148073,-4.502080323299154,-101.57390170020788,-2.370911817074301,111.5815,47.46428891229099,-0.8376166000380691,104.18,7039607,1788994889,2026-09-09T23:01:29Z,NYSE:DIS
24.28723639148073,-4.502080323299154,-101.57390170020788,-2.370911817074301,111.5815,47.46428891229099,-0.8376166000380691,104.18,7039608,1788995062,2026-09-09T23:04:22Z,NYSE:DIS
24.28723639148073,-4.502080323299154,-101.57390170020788,-2.370911817074301,111.5815,47.46428891229099,-0.8376166000380691,104.18,7039613,1788995246,2026-09-09T23:07:26Z,NYSE:DIS
24.28723639148073,-4.502080323299154,-101.57390170020788,-2.370911817074301,111.5815,47.46428891229099,-0.8376166000380691,104.18,7039620,1788995429,2026-09-09T23:10:29Z,NYSE:DIS
24.28723639148073,-4.502080323299154,-101.57390170020788,-2.370911817074301,111.5815,47.46428891229099,-0.8376166000380691,104.18,7039632,1788995599,2026-09-09T23:13:19Z,NYSE:DIS
24.28723639148073,-4.502080323299154,-101.57390170020788,-2.370911817074301,111.5815,47.46428891229099,-0.8376166000380691,104.18,7039691,1788995794,2026-09-09T23:16:34Z,NYSE:DIS
24.28723639148073,-4.502080323299154,-101.57390170020788,-2.370911817074301,111.5815,47.46428891229099,-0.8376166000380691,104.18,7039695,1788995977,2026-09-09T23:19:37Z,NYSE:DIS
24.28723639148073,-4.502080323299154,-101.57390170020788,-2.370911817074301,111.5815,47.46428891229099,-0.8376166000380691,104.18,7040215,1788997588,2026-09-09T23:46:28Z,NYSE:DIS
24.28723639148073,-4.502080323299154,-101.57390170020788,-2.370911817074301,111.5815,47.46428891229099,-0.8376166000380691,104.18,7040216,1788997763,2026-09-09T23:49:23Z,NYSE:DIS
24.28723639148073,-4.502080323299154,-101.57390170020788,-2.370911817074301,111.5815,47.46428891229099,-0.8376166000380691,104.18,7042212,1788997936,2026-09-09T23:52:16Z,NYSE:DIS
24.28723639148073,-4.502080323299154,-101.57390170020788,-2.370911817074301,111.5815,47.46428891229099,-0.8376166000380691,104.18,7042212,1788998120,2026-09-09T23:55:20Z,NYSE:DIS
24.28723639148073,-4.502080323299154,-101.57390170020788,-2.370911817074301,111.5815,47.46428891229099,-0.8376166000380691,104.18,7042217,1788998302,2026-09-09T23:58:22Z,NYSE:DIS
24.28723639148073,-4.502080323299154,-101.57390170020788,-2.370911817074301,111.5815,47.46428891229099,-0.8376166000380691,104.18,7042418,1788998479,2026-09-10T00:01:19Z,NYSE:DIS
24.28723639148073,-4.502080323299154,-101.57390170020788,-2.370911817074301,111.5815,47.46428891229099,-0.8376166000380691,104.18,7042469,1788998664,2026-09-10T00:04:24Z,NYSE:DIS
24.28723639148073,-4.502080323299154,-101.57390170020788,-2.370911817074301,111.5815,47.46428891229099,-0.8376166000380691,104.18,7042494,1788998840,2026-09-10T00:07:20Z,NYSE:DIS
24.28723639148073,-4.502080323299154,-101.57390170020788,-2.370911817074301,111.5815,47.46428891229099,-0.8376166000380691,104.18,7042518,1788999017,2026-09-10T00:10:17Z,NYSE:DIS
24.28723639148073,-4.502080323299154,-101.57390170020788,-2.370911817074301,111.5815,47.46428891229099,-0.8376166000380691,104.18,7042559,1788999199,2026-09-10T00:13:19Z,NYSE:DIS
24.28723639148073,-4.502080323299154,-101.57390170020788,-2.370911817074301,111.5815,47.46428891229099,-0.8376166000380691,104.18,7042559,1788999379,2026-09-10T00:16:19Z,NYSE:DIS
24.28723639148073,-4.502080323299154,-101.57390170020788,-2.370911817074301,111.5815,47.46428891229099,-0.8376166000380691,104.18,7042559,1788999559,2026-09-10T00:19:19Z,NYSE:DIS
24.28723639148073,-4.502080323299154,-101.57390170020788,-2.370911817074301,111.5815,47.46428891229099,-0.8376166000380691,104.18,7042559,1788999737,2026-09-10T00:22:17Z,NYSE:DIS
24.28723639148073,-4.502080323299154,-101.57390170020788,-2.370911817074301,111.5815,47.46428891229099,-0.8376166000380691,104.18,7042559,1788999919,2026-09-10T00:25:19Z,NYSE:DIS
24.28723639148073,-4.502080323299154,-101.57390170020788,-2.370911817074301,111.5815,47.46428891229099,-0.8376166000380691,104.18,7042559,1789000099,2026-09-10T00:28:19Z,NYSE:DIS
24.28723639148073,-4.502080323299154,-101.57390170020788,-2.370911817074301,111.5815,47.46428891229099,-0.8376166000380691,104.18,7042559,1789000279,2026-09-10T00:31:19Z,NYSE:DIS
24.28723639148073,-4.502080323299154,-101.57390170020788,-2.370911817074301,111.5815,47.46428891229099,-0.8376166000380691,104.18,7042559,1789000461,2026-09-10T00:34:21Z,NYSE:DIS
24.28723639148073,-4.502080323299154,-101.57390170020788,-2.370911817074301,111.5815,47.46428891229099,-0.8376166000380691,104.18,7042559,1789000638,2026-09-10T00:37:18Z,NYSE:DIS
24.28723639148073,-4.502080323299154,-101.57390170020788,-2.370911817074301,111.5815,47.46428891229099,-0.8376166000380691,104.18,7042559,1789000818,2026-09-10T00:40:18Z,NYSE:DIS
24.28723639148073,-4.502080323299154,-101.57390170020788,-2.370911817074301,111.5815,47.46428891229099,-0.8376166000380691,104.18,7042559,1789001000,2026-09-10T00:43:20Z,NYSE:DIS
24.28723639148073,-4.502080323299154,-101.57390170020788,-2.370911817074301,111.5815,47.46428891229099,-0.8376166000380691,104.18,7042559,1789001180,2026-09-10T00:46:20Z,NYSE:DIS
24.28723639148073,-4.502080323299154,-101.57390170020788,-2.370911817074301,111.5815,47.46428891229099,-0.8376166000380691,104.18,7042559,1789001357,2026-09-10T00:49:17Z,NYSE:DIS
24.28723639148073,-4.502080323299154,-101.57390170020788,-2.370911817074301,111.5815,47.46428891229099,-0.8376166000380691,104.18,7042559,1789001537,2026-09-10T00:52:17Z,NYSE:DIS
24.28723639148073,-4.502080323299154,-101.57390170020788,-2.370911817074301,111.5815,47.46428891229099,-0.8376166000380691,104.18,7042559,1789001720,2026-09-10T00:55:20Z,NYSE:DIS
24.28723639148073,-4.502080323299154,-101.57390170020788,-2.370911817074301,111.5815,47.46428891229099,-0.8376166000380691,104.18,7042559,1789001900,2026-09-10T00:58:20Z,NYSE:DIS
24.28723639148073,-4.502080323299154,-101.57390170020788,-2.370911817074301,111.5815,47.46428891229099,-0.8376166000380691,104.18,7042559,1789002081,2026-09-10T01:01:21Z,NYSE:DIS
24.28723639148073,-4.502080323299154,-101.57390170020788,-2.370911817074301,111.5815,47.46428891229099,-0.8376166000380691,104.18,7042559,1789002261,2026-09-10T01:04:21Z,NYSE:DIS
24.28723639148073,-4.502080323299154,-101.57390170020788,-2.370911817074301,111.5815,47.46428891229099,-0.8376166000380691,104.18,7042559,1789002439,2026-09-10T01:07:19Z,NYSE:DIS
24.28723639148073,-4.502080323299154,-101.57390170020788,-2.370911817074301,111.5815,47.46428891229099,-0.8376166000380691,104.18,7042559,1789002624,2026-09-10T01:10:24Z,NYSE:DIS
24.28723639148073,-4.502080323299154,-101.57390170020788,-2.370911817074301,111.5815,47.46428891229099,-0.8376166000380691,104.18,7042559,1789002800,2026-09-10T01:13:20Z,NYSE:DIS
24.28723639148073,-4.502080323299154,-101.57390170020788,-2.370911817074301,111.5815,47.46428891229099,-0.8376166000380691,104.18,7042559,1789002979,2026-09-10T01:16:19Z,NYSE:DIS
24.28723639148073,-4.502080323299154,-101.57390170020788,-2.370911817074301,111.5815,47.46428891229099,-0.8376166000380691,104.18,7042559,1789003159,2026-09-10T01:19:19Z,NYSE:DIS
24.28723639148073,-4.502080323299154,-101.57390170020788,-2.370911817074301,111.5815,47.46428891229099,-0.8376166000380691,104.18,7042559,1789003337,2026-09-10T01:22:17Z,NYSE:DIS
24.28723639148073,-4.502080323299154,-101.57390170020788,-2.370911817074301,111.5815,47.46428891229099,-0.8376166000380691,104.18,7042559,1789003517,2026-09-10T01:25:17Z,NYSE:DIS
24.28723639148073,-4.502080323299154,-101.57390170020788,-2.370911817074301,111.5815,47.46428891229099,-0.8376166000380691,104.18,7042559,1789003696,2026-09-10T01:28:16Z,NYSE:DIS
24.28723639148073,-4.502080323299154,-101.57390170020788,-2.370911817074301,111.5815,47.46428891229099,-0.8376166000380691,104.18,7042559,1789003882,2026-09-10T01:31:22Z,NYSE:DIS
24.28723639148073,-4.502080323299154,-101.57390170020788,-2.370911817074301,111.5815,47.46428891229099,-0.8376166000380691,104.18,7042559,1789004055,2026-09-10T01:34:15Z,NYSE:DIS
24.28723639148073,-4.502080323299154,-101.57390170020788,-2.370911817074301,111.5815,47.46428891229099,-0.8376166000380691,104.18,7042559,1789004242,2026-09-10T01:37:22Z,NYSE:DIS
24.28723639148073,-4.502080323299154,-101.57390170020788,-2.370911817074301,111.5815,47.46428891229099,-0.8376166000380691,104.18,7042559,1789004419,2026-09-10T01:40:19Z,NYSE:DIS
24.28723639148073,-4.502080323299154,-101.57390170020788,-2.370911817074301,111.5815,47.46428891229099,-0.8376166000380691,104.18,7042559,1789004600,2026-09-10T01:43:20Z,NYSE:DIS
24.28723639148073,-4.502080323299154,-101.57390170020788,-2.370911817074301,111.5815,47.46428891229099,-0.8376166000380691,104.18,7042559,1789004779,2026-09-10T01:46:19Z,NYSE:DIS
24.28723639148073,-4.502080323299154,-101.57390170020788,-2.370911817074301,111.5815,47.46428891229099,-0.8376166000380691,104.18,7042559,1789004960,2026-09-10T01:49:20Z,NYSE:DIS
24.28723639148073,-4.502080323299154,-101.57390170020788,-2.370911817074301,111.5815,47.46428891229099,-0.8376166000380691,104.18,7042559,1789005137,2026-09-10T01:52:17Z,NYSE:DIS
24.28723639148073,-4.502080323299154,-101.57390170020788,-2.370911817074301,111.5815,47.46428891229099,-0.8376166000380691,104.18,7042559,1789005318,2026-09-10T01:55:18Z,NYSE:DIS
24.28723639148073,-4.502080323299154,-101.57390170020788,-2.370911817074301,111.5815,47.46428891229099,-0.8376166000380691,104.18,7042559,1789005501,2026-09-10T01:58:21Z,NYSE:DIS
24.28723639148073,-4.502080323299154,-101.57390170020788,-2.370911817074301,111.5815,47.46428891229099,-0.8376166000380691,104.18,7042559,1789005680,2026-09-10T02:01:20Z,NYSE:DIS
24.28723639148073,-4.502080323299154,-101.57390170020788,-2.370911817074301,111.5815,47.46428891229099,-0.8376166000380691,104.18,7042559,1789005861,2026-09-10T02:04:21Z,NYSE:DIS
24.28723639148073,-4.502080323299154,-101.57390170020788,-2.370911817074301,111.5815,47.46428891229099,-0.8376166000380691,104.18,7042559,1789006040,2026-09-10T02:07:20Z,NYSE:DIS
24.28723639148073,-4.502080323299154,-101.57390170020788,-2.370911817074301,111.5815,47.46428891229099,-0.8376166000380691,104.18,7042559,1789006217,2026-09-10T02:10:17Z,NYSE:DIS
24.28723639148073,-4.502080323299154,-101.57390170020788,-2.370911817074301,111.5815,47.46428891229099,-0.8376166000380691,104.18,7042559,1789006397,2026-09-10T02:13:17Z,NYSE:DIS
24.28723639148073,-4.502080323299154,-101.57390170020788,-2.370911817074301,111.5815,47.46428891229099,-0.8376166000380691,104.18,7042559,1789006579,2026-09-10T02:16:19Z,NYSE:DIS
24.28723639148073,-4.502080323299154,-101.57390170020788,-2.370911817074301,111.5815,47.46428891229099,-0.8376166000380691,104.18,7042559,1789006762,2026-09-10T02:19:22Z,NYSE:DIS
24.28723639148073,-4.502080323299154,-101.57390170020788,-2.370911817074301,111.5815,47.46428891229099,-0.8376166000380691,104.18,7042559,1789006941,2026-09-10T02:22:21Z,NYSE:DIS
24.28723639148073,-4.502080323299154,-101.57390170020788,-2.370911817074301,111.5815,47.46428891229099,-0.8376166000380691,104.18,7042559,1789007117,2026-09-10T02:25:17Z,NYSE:DIS
24.28723639148073,-4.502080323299154,-101.57390170020788,-2.370911817074301,111.5815,47.46428891229099,-0.8376166000380691,104.18,7042559,1789007300,2026-09-10T02:28:20Z,NYSE:DIS
24.28723639148073,-4.502080323299154,-101.57390170020788,-2.370911817074301,111.5815,47.46428891229099,-0.8376166000380691,104.18,7042559,1789007477,2026-09-10T02:31:17Z,NYSE:DIS
24.28723639148073,-4.502080323299154,-101.57390170020788,-2.370911817074301,111.5815,47.46428891229099,-0.8376166000380691,104.18,7042559,1789007660,2026-09-10T02:34:20Z,NYSE:DIS
24.28723639148073,-4.502080323299154,-101.57390170020788,-2.370911817074301,111.5815,47.46428891229099,-0.8376166000380691,104.18,7042559,1789007845,2026-09-10T02:37:25Z,NYSE:DIS
24.28723639148073,-4.502080323299154,-101.57390170020788,-2.370911817074301,111.5815,47.46428891229099,-0.8376166000380691,104.18,7042559,1789008020,2026-09-10T02:40:20Z,NYSE:DIS
24.28723639148073,-4.502080323299154,-101.57390170020788,-2.370911817074301,111.5815,47.46428891229099,-0.8376166000380691,104.18,7042559,1789008202,2026-09-10T02:43:22Z,NYSE:DIS
24.28723639148073,-4.502080323299154,-101.57390170020788,-2.370911817074301,111.5815,47.46428891229099,-0.8376166000380691,104.18,7042559,1789008383,2026-09-10T02:46:23Z,NYSE:DIS
24.28723639148073,-4.502080323299154,-101.57390170020788,-2.370911817074301,111.5815,47.46428891229099,-0.8376166000380691,104.18,7042559,1789008560,2026-09-10T02:49:20Z,NYSE:DIS
24.28723639148073,-4.502080323299154,-101.57390170020788,-2.370911817074301,111.5815,47.46428891229099,-0.8376166000380691,104.18,7042559,1789008740,2026-09-10T02:52:20Z,NYSE:DIS
24.28723639148073,-4.502080323299154,-101.57390170020788,-2.370911817074301,111.5815,47.46428891229099,-0.8376166000380691,104.18,7042559,1789008920,2026-09-10T02:55:20Z,NYSE:DIS
24.28723639148073,-4.502080323299154,-101.57390170020788,-2.370911817074301,111.5815,47.46428891229099,-0.8376166000380691,104.18,7042559,1789009101,2026-09-10T02:58:21Z,NYSE:DIS
24.28723639148073,-4.502080323299154,-101.57390170020788,-2.370911817074301,111.5815,47.46428891229099,-0.8376166000380691,104.18,7042559,1789009278,2026-09-10T03:01:18Z,NYSE:DIS
24.28723639148073,-4.502080323299154,-101.57390170020788,-2.370911817074301,111.5815,47.46428891229099,-0.8376166000380691,104.18,7042559,1789009457,2026-09-10T03:04:17Z,NYSE:DIS
24.28723639148073,-4.502080323299154,-101.57390170020788,-2.370911817074301,111.5815,47.46428891229099,-0.8376166000380691,104.18,7042559,1789009642,2026-09-10T03:07:22Z,NYSE:DIS
24.28723639148073,-4.502080323299154,-101.57390170020788,-2.370911817074301,111.5815,47.46428891229099,-0.8376166000380691,104.18,7042559,1789009822,2026-09-10T03:10:22Z,NYSE:DIS
24.28723639148073,-4.502080323299154,-101.57390170020788,-2.370911817074301,111.5815,47.46428891229099,-0.8376166000380691,104.18,7042559,1789009995,2026-09-10T03:13:15Z,NYSE:DIS
24.28723639148073,-4.502080323299154,-101.57390170020788,-2.370911817074301,111.5815,47.46428891229099,-0.8376166000380691,104.18,7042559,1789010185,2026-09-10T03:16:25Z,NYSE:DIS
24.28723639148073,-4.502080323299154,-101.57390170020788,-2.370911817074301,111.5815,47.46428891229099,-0.8376166000380691,104.18,7042559,1789010362,2026-09-10T03:19:22Z,NYSE:DIS
24.28723639148073,-4.502080323299154,-101.57390170020788,-2.370911817074301,111.5815,47.46428891229099,-0.8376166000380691,104.18,7042559,1789010542,2026-09-10T03:22:22Z,NYSE:DIS
24.28723639148073,-4.502080323299154,-101.57390170020788,-2.370911817074301,111.5815,47.46428891229099,-0.8376166000380691,104.18,7042559,1789010721,2026-09-10T03:25:21Z,NYSE:DIS
24.28723639148073,-4.502080323299154,-101.57390170020788,-2.370911817074301,111.5815,47.46428891229099,-0.8376166000380691,104.18,7042559,1789010901,2026-09-10T03:28:21Z,NYSE:DIS
24.28723639148073,-4.502080323299154,-101.57390170020788,-2.370911817074301,111.5815,47.46428891229099,-0.8376166000380691,104.18,7042559,1789011085,2026-09-10T03:31:25Z,NYSE:DIS
24.28723639148073,-4.502080323299154,-101.57390170020788,-2.370911817074301,111.5815,47.46428891229099,-0.8376166000380691,104.18,7042559,1789011260,2026-09-10T03:34:20Z,NYSE:DIS
24.28723639148073,-4.502080323299154,-101.57390170020788,-2.370911817074301,111.5815,47.46428891229099,-0.8376166000380691,104.18,7042559,1789011439,2026-09-10T03:37:19Z,NYSE:DIS
24.28723639148073,-4.502080323299154,-101.57390170020788,-2.370911817074301,111.5815,47.46428891229099,-0.8376166000380691,104.18,7042559,1789011622,2026-09-10T03:40:22Z,NYSE:DIS
24.28723639148073,-4.502080323299154,-101.57390170020788,-2.370911817074301,111.5815,47.46428891229099,-0.8376166000380691,104.18,7042559,1789011801,2026-09-10T03:43:21Z,NYSE:DIS
24.28723639148073,-4.502080323299154,-101.57390170020788,-2.370911817074301,111.5815,47.46428891229099,-0.8376166000380691,104.18,7042559,1789011986,2026-09-10T03:46:26Z,NYSE:DIS
24.28723639148073,-4.502080323299154,-101.57390170020788,-2.370911817074301,111.5815,47.46428891229099,-0.8376166000380691,104.18,7042559,1789012159,2026-09-10T03:49:19Z,NYSE:DIS
24.28723639148073,-4.502080323299154,-101.57390170020788,-2.370911817074301,111.5815,47.46428891229099,-0.8376166000380691,104.18,7042559,1789012340,2026-09-10T03:52:20Z,NYSE:DIS
24.28723639148073,-4.502080323299154,-101.57390170020788,-2.370911817074301,111.5815,47.46428891229099,-0.8376166000380691,104.18,7042559,1789012526,2026-09-10T03:55:26Z,NYSE:DIS
24.28723639148073,-4.502080323299154,-101.57390170020788,-2.370911817074301,111.5815,47.46428891229099,-0.8376166000380691,104.18,7042559,1789012698,2026-09-10T03:58:18Z,NYSE:DIS
24.28723639148073,-4.502080323299154,-101.57390170020788,-2.370911817074301,111.5815,47.46428891229099,-0.8376166000380691,104.18,7042559,1789012883,2026-09-10T04:01:23Z,NYSE:DIS
24.28723639148073,-4.502080323299154,-101.57390170020788,-2.370911817074301,111.5815,47.46428891229099,-0.8376166000380691,104.18,7042559,1789013066,2026-09-10T04:04:26Z,NYSE:DIS
24.28723639148073,-4.502080323299154,-101.57390170020788,-2.370911817074301,111.5815,47.46428891229099,-0.8376166000380691,104.18,7042559,1789013238,2026-09-10T04:07:18Z,NYSE:DIS
24.28723639148073,-4.502080323299154,-101.57390170020788,-2.370911817074301,111.5815,47.46428891229099,-0.8376166000380691,104.18,7042559,1789013425,2026-09-10T04:10:25Z,NYSE:DIS
24.28723639148073,-4.502080323299154,-101.57390170020788,-2.370911817074301,111.5815,47.46428891229099,-0.8376166000380691,104.18,7042559,1789013605,2026-09-10T04:13:25Z,NYSE:DIS
24.28723639148073,-4.502080323299154,-101.57390170020788,-2.370911817074301,111.5815,47.46428891229099,-0.8376166000380691,104.18,7042559,1789013784,2026-09-10T04:16:24Z,NYSE:DIS
24.28723639148073,-4.502080323299154,-101.57390170020788,-2.370911817074301,111.5815,47.46428891229099,-0.8376166000380691,104.18,7042559,1789013963,2026-09-10T04:19:23Z,NYSE:DIS
24.28723639148073,-4.502080323299154,-101.57390170020788,-2.370911817074301,111.5815,47.46428891229099,-0.8376166000380691,104.18,7042559,1789014144,2026-09-10T04:22:24Z,NYSE:DIS
24.28723639148073,-4.502080323299154,-101.57390170020788,-2.370911817074301,111.5815,47.46428891229099,-0.8376166000380691,104.18,7042559,1789014321,2026-09-10T04:25:21Z,NYSE:DIS
24.28723639148073,-4.502080323299154,-101.57390170020788,-2.370911817074301,111.5815,47.46428891229099,-0.8376166000380691,104.18,7042559,1789014503,2026-09-10T04:28:23Z,NYSE:DIS
24.28723639148073,-4.502080323299154,-101.57390170020788,-2.370911817074301,111.5815,47.46428891229099,-0.8376166000380691,104.18,7042559,1789014685,2026-09-10T04:31:25Z,NYSE:DIS
24.28723639148073,-4.502080323299154,-101.57390170020788,-2.370911817074301,111.5815,47.46428891229099,-0.8376166000380691,104.18,7042559,1789014863,2026-09-10T04:34:23Z,NYSE:DIS
24.28723639148073,-4.502080323299154,-101.57390170020788,-2.370911817074301,111.5815,47.46428891229099,-0.8376166000380691,104.18,7042559,1789015046,2026-09-10T04:37:26Z,NYSE:DIS
24.28723639148073,-4.502080323299154,-101.57390170020788,-2.370911817074301,111.5815,47.46428891229099,-0.8376166000380691,104.18,7042559,1789015224,2026-09-10T04:40:24Z,NYSE:DIS
24.28723639148073,-4.502080323299154,-101.57390170020788,-2.370911817074301,111.5815,47.46428891229099,-0.8376166000380691,104.18,7042559,1789015400,2026-09-10T04:43:20Z,NYSE:DIS
24.28723639148073,-4.502080323299154,-101.57390170020788,-2.370911817074301,111.5815,47.46428891229099,-0.8376166000380691,104.18,7042559,1789015580,2026-09-10T04:46:20Z,NYSE:DIS
24.28723639148073,-4.502080323299154,-101.57390170020788,-2.370911817074301,111.5815,47.46428891229099,-0.8376166000380691,104.18,7042559,1789015761,2026-09-10T04:49:21Z,NYSE:DIS
24.28723639148073,-4.502080323299154,-101.57390170020788,-2.370911817074301,111.5815,47.46428891229099,-0.8376166000380691,104.18,7042559,1789015943,2026-09-10T04:52:23Z,NYSE:DIS
24.28723639148073,-4.502080323299154,-101.57390170020788,-2.370911817074301,111.5815,47.46428891229099,-0.8376166000380691,104.18,7042559,1789016123,2026-09-10T04:55:23Z,NYSE:DIS
24.28723639148073,-4.502080323299154,-101.57390170020788,-2.370911817074301,111.5815,47.46428891229099,-0.8376166000380691,104.18,7042559,1789016306,2026-09-10T04:58:26Z,NYSE:DIS
24.28723639148073,-4.502080323299154,-101.57390170020788,-2.370911817074301,111.5815,47.46428891229099,-0.8376166000380691,104.18,7042559,1789016479,2026-09-10T05:01:19Z,NYSE:DIS
24.28723639148073,-4.502080323299154,-101.57390170020788,-2.370911817074301,111.5815,47.46428891229099,-0.8376166000380691,104.18,7042559,1789016661,2026-09-10T05:04:21Z,NYSE:DIS
24.28723639148073,-4.502080323299154,-101.57390170020788,-2.370911817074301,111.5815,47.46428891229099,-0.8376166000380691,104.18,7042559,1789016844,2026-09-10T05:07:24Z,NYSE:DIS
24.28723639148073,-4.502080323299154,-101.57390170020788,-2.370911817074301,111.5815,47.46428891229099,-0.8376166000380691,104.18,7042559,1789017019,2026-09-10T05:10:19Z,NYSE:DIS
24.28723639148073,-4.502080323299154,-101.57390170020788,-2.370911817074301,111.5815,47.46428891229099,-0.8376166000380691,104.18,7042559,1789017201,2026-09-10T05:13:21Z,NYSE:DIS
24.28723639148073,-4.502080323299154,-101.57390170020788,-2.370911817074301,111.5815,47.46428891229099,-0.8376166000380691,104.18,7042559,1789017379,2026-09-10T05:16:19Z,NYSE:DIS
24.28723639148073,-4.502080323299154,-101.57390170020788,-2.370911817074301,111.5815,47.46428891229099,-0.8376166000380691,104.18,7042559,1789017561,2026-09-10T05:19:21Z,NYSE:DIS
24.28723639148073,-4.502080323299154,-101.57390170020788,-2.370911817074301,111.5815,47.46428891229099,-0.8376166000380691,104.18,7042559,1789017742,2026-09-10T05:22:22Z,NYSE:DIS
24.28723639148073,-4.502080323299154,-101.57390170020788,-2.370911817074301,111.5815,47.46428891229099,-0.8376166000380691,104.18,7042559,1789017920,2026-09-10T05:25:20Z,NYSE:DIS
24.28723639148073,-4.502080323299154,-101.57390170020788,-2.370911817074301,111.5815,47.46428891229099,-0.8376166000380691,104.18,7042559,1789018100,2026-09-10T05:28:20Z,NYSE:DIS
24.28723639148073,-4.502080323299154,-101.57390170020788,-2.370911817074301,111.5815,47.46428891229099,-0.8376166000380691,104.18,7042559,1789018283,2026-09-10T05:31:23Z,NYSE:DIS
24.28723639148073,-4.502080323299154,-101.57390170020788,-2.370911817074301,111.5815,47.46428891229099,-0.8376166000380691,104.18,7042559,1789018464,2026-09-10T05:34:24Z,NYSE:DIS
24.28723639148073,-4.502080323299154,-101.57390170020788,-2.370911817074301,111.5815,47.46428891229099,-0.8376166000380691,104.18,7042559,1789018645,2026-09-10T05:37:25Z,NYSE:DIS
24.28723639148073,-4.502080323299154,-101.57390170020788,-2.370911817074301,111.5815,47.46428891229099,-0.8376166000380691,104.18,7042559,1789018825,2026-09-10T05:40:25Z,NYSE:DIS
24.28723639148073,-4.502080323299154,-101.57390170020788,-2.370911817074301,111.5815,47.46428891229099,-0.8376166000380691,104.18,7042559,1789018996,2026-09-10T05:43:16Z,NYSE:DIS
24.28723639148073,-4.502080323299154,-101.57390170020788,-2.370911817074301,111.5815,47.46428891229099,-0.8376166000380691,104.18,7042559,1789019180,2026-09-10T05:46:20Z,NYSE:DIS
24.28723639148073,-4.502080323299154,-101.57390170020788,-2.370911817074301,111.5815,47.46428891229099,-0.8376166000380691,104.18,7042559,1789019361,2026-09-10T05:49:21Z,NYSE:DIS
24.28723639148073,-4.502080323299154,-101.57390170020788,-2.370911817074301,111.5815,47.46428891229099,-0.8376166000380691,104.18,7042559,1789019538,2026-09-10T05:52:18Z,NYSE:DIS
24.28723639148073,-4.502080323299154,-101.57390170020788,-2.370911817074301,111.5815,47.46428891229099,-0.8376166000380691,104.18,7042559,1789019724,2026-09-10T05:55:24Z,NYSE:DIS
24.28723639148073,-4.502080323299154,-101.57390170020788,-2.370911817074301,111.5815,47.46428891229099,-0.8376166000380691,104.18,7042559,1789019900,2026-09-10T05:58:20Z,NYSE:DIS
24.28723639148073,-4.502080323299154,-101.57390170020788,-2.370911817074301,111.5815,47.46428891229099,-0.8376166000380691,104.18,7042559,1789020077,2026-09-10T06:01:17Z,NYSE:DIS
24.28723639148073,-4.502080323299154,-101.57390170020788,-2.370911817074301,111.5815,47.46428891229099,-0.8376166000380691,104.18,7042559,1789020263,2026-09-10T06:04:23Z,NYSE:DIS
24.28723639148073,-4.502080323299154,-101.57390170020788,-2.370911817074301,111.5815,47.46428891229099,-0.8376166000380691,104.18,7042559,1789020441,2026-09-10T06:07:21Z,NYSE:DIS
24.28723639148073,-4.502080323299154,-101.57390170020788,-2.370911817074301,111.5815,47.46428891229099,-0.8376166000380691,104.18,7042559,1789020623,2026-09-10T06:10:23Z,NYSE:DIS
24.28723639148073,-4.502080323299154,-101.57390170020788,-2.370911817074301,111.5815,47.46428891229099,-0.8376166000380691,104.18,7042559,1789020798,2026-09-10T06:13:18Z,NYSE:DIS
24.28723639148073,-4.502080323299154,-101.57390170020788,-2.370911817074301,111.5815,47.46428891229099,-0.8376166000380691,104.18,7042559,1789020979,2026-09-10T06:16:19Z,NYSE:DIS
24.28723639148073,-4.502080323299154,-101.57390170020788,-2.370911817074301,111.5815,47.46428891229099,-0.8376166000380691,104.18,7042559,1789021164,2026-09-10T06:19:24Z,NYSE:DIS
24.28723639148073,-4.502080323299154,-101.57390170020788,-2.370911817074301,111.5815,47.46428891229099,-0.8376166000380691,104.18,7042559,1789021338,2026-09-10T06:22:18Z,NYSE:DIS
24.28723639148073,-4.502080323299154,-101.57390170020788,-2.370911817074301,111.5815,47.46428891229099,-0.8376166000380691,104.18,7042559,1789021521,2026-09-10T06:25:21Z,NYSE:DIS
24.28723639148073,-4.502080323299154,-101.57390170020788,-2.370911817074301,111.5815,47.46428891229099,-0.8376166000380691,104.18,7042559,1789021698,2026-09-10T06:28:18Z,NYSE:DIS
24.28723639148073,-4.502080323299154,-101.57390170020788,-2.370911817074301,111.5815,47.46428891229099,-0.8376166000380691,104.18,7042559,1789021879,2026-09-10T06:31:19Z,NYSE:DIS
24.28723639148073,-4.502080323299154,-101.57390170020788,-2.370911817074301,111.5815,47.46428891229099,-0.8376166000380691,104.18,7042559,1789022060,2026-09-10T06:34:20Z,NYSE:DIS
24.28723639148073,-4.502080323299154,-101.57390170020788,-2.370911817074301,111.5815,47.46428891229099,-0.8376166000380691,104.18,7042559,1789022236,2026-09-10T06:37:16Z,NYSE:DIS
24.28723639148073,-4.502080323299154,-101.57390170020788,-2.370911817074301,111.5815,47.46428891229099,-0.8376166000380691,104.18,7042559,1789022419,2026-09-10T06:40:19Z,NYSE:DIS
24.28723639148073,-4.502080323299154,-101.57390170020788,-2.370911817074301,111.5815,47.46428891229099,-0.8376166000380691,104.18,7042559,1789022604,2026-09-10T06:43:24Z,NYSE:DIS
24.28723639148073,-4.502080323299154,-101.57390170020788,-2.370911817074301,111.5815,47.46428891229099,-0.8376166000380691,104.18,7042559,1789022777,2026-09-10T06:46:17Z,NYSE:DIS
24.28723639148073,-4.502080323299154,-101.57390170020788,-2.370911817074301,111.5815,47.46428891229099,-0.8376166000380691,104.18,7042559,1789022961,2026-09-10T06:49:21Z,NYSE:DIS
24.28723639148073,-4.502080323299154,-101.57390170020788,-2.370911817074301,111.5815,47.46428891229099,-0.8376166000380691,104.18,7042559,1789023141,2026-09-10T06:52:21Z,NYSE:DIS
24.28723639148073,-4.502080323299154,-101.57390170020788,-2.370911817074301,111.5815,47.46428891229099,-0.8376166000380691,104.18,7042559,1789023323,2026-09-10T06:55:23Z,NYSE:DIS
24.28723639148073,-4.502080323299154,-101.57390170020788,-2.370911817074301,111.5815,47.46428891229099,-0.8376166000380691,104.18,7042559,1789023501,2026-09-10T06:58:21Z,NYSE:DIS
24.28723639148073,-4.502080323299154,-101.57390170020788,-2.370911817074301,111.5815,47.46428891229099,-0.8376166000380691,104.18,7042559,1789023680,2026-09-10T07:01:20Z,NYSE:DIS
24.28723639148073,-4.502080323299154,-101.57390170020788,-2.370911817074301,111.5815,47.46428891229099,-0.8376166000380691,104.18,7042559,1789023864,2026-09-10T07:04:24Z,NYSE:DIS
24.28723639148073,-4.502080323299154,-101.57390170020788,-2.370911817074301,111.5815,47.46428891229099,-0.8376166000380691,104.18,7042559,1789024038,2026-09-10T07:07:18Z,NYSE:DIS
24.28723639148073,-4.502080323299154,-101.57390170020788,-2.370911817074301,111.5815,47.46428891229099,-0.8376166000380691,104.18,7042559,1789024221,2026-09-10T07:10:21Z,NYSE:DIS
24.28723639148073,-4.502080323299154,-101.57390170020788,-2.370911817074301,111.5815,47.46428891229099,-0.8376166000380691,104.18,7042559,1789024403,2026-09-10T07:13:23Z,NYSE:DIS
24.28723639148073,-4.502080323299154,-101.57390170020788,-2.370911817074301,111.5815,47.46428891229099,-0.8376166000380691,104.18,7042559,1789024583,2026-09-10T07:16:23Z,NYSE:DIS
24.28723639148073,-4.502080323299154,-101.57390170020788,-2.370911817074301,111.5815,47.46428891229099,-0.8376166000380691,104.18,7042559,1789024758,2026-09-10T07:19:18Z,NYSE:DIS
24.28723639148073,-4.502080323299154,-101.57390170020788,-2.370911817074301,111.5815,47.46428891229099,-0.8376166000380691,104.18,7042559,1789024942,2026-09-10T07:22:22Z,NYSE:DIS
24.28723639148073,-4.502080323299154,-101.57390170020788,-2.370911817074301,111.5815,47.46428891229099,-0.8376166000380691,104.18,7042559,1789025117,2026-09-10T07:25:17Z,NYSE:DIS
24.28723639148073,-4.502080323299154,-101.57390170020788,-2.370911817074301,111.5815,47.46428891229099,-0.8376166000380691,104.18,7042559,1789025300,2026-09-10T07:28:20Z,NYSE:DIS
24.28723639148073,-4.502080323299154,-101.57390170020788,-2.370911817074301,111.5815,47.46428891229099,-0.8376166000380691,104.18,7042559,1789025478,2026-09-10T07:31:18Z,NYSE:DIS
24.28723639148073,-4.502080323299154,-101.57390170020788,-2.370911817074301,111.5815,47.46428891229099,-0.8376166000380691,104.18,7042559,1789025659,2026-09-10T07:34:19Z,NYSE:DIS
24.28723639148073,-4.502080323299154,-101.57390170020788,-2.370911817074301,111.5815,47.46428891229099,-0.8376166000380691,104.18,7042559,1789025844,2026-09-10T07:37:24Z,NYSE:DIS
24.28723639148073,-4.502080323299154,-101.57390170020788,-2.370911817074301,111.5815,47.46428891229099,-0.8376166000380691,104.18,7042559,1789026021,2026-09-10T07:40:21Z,NYSE:DIS
24.28723639148073,-4.502080323299154,-101.57390170020788,-2.370911817074301,111.5815,47.46428891229099,-0.8376166000380691,104.18,7042559,1789026198,2026-09-10T07:43:18Z,NYSE:DIS
24.28723639148073,-4.502080323299154,-101.57390170020788,-2.370911817074301,111.5815,47.46428891229099,-0.8376166000380691,104.18,7042559,1789026381,2026-09-10T07:46:21Z,NYSE:DIS
24.28723639148073,-4.502080323299154,-101.57390170020788,-2.370911817074301,111.5815,47.46428891229099,-0.8376166000380691,104.18,7042559,1789026556,2026-09-10T07:49:16Z,NYSE:DIS
24.28723639148073,-4.502080323299154,-101.57390170020788,-2.370911817074301,111.5815,47.46428891229099,-0.8376166000380691,104.18,7042559,1789026742,2026-09-10T07:52:22Z,NYSE:DIS
24.28723639148073,-4.502080323299154,-101.57390170020788,-2.370911817074301,111.5815,47.46428891229099,-0.8376166000380691,104.18,7042559,1789026922,2026-09-10T07:55:22Z,NYSE:DIS
24.28723639148073,-4.502080323299154,-101.57390170020788,-2.370911817074301,111.5815,47.46428891229099,-0.8376166000380691,104.18,7042559,1789027098,2026-09-10T07:58:18Z,NYSE:DIS
24.28723639148073,-4.502080323299154,-101.57390170020788,-2.370911817074301,111.5815,47.46428891229099,-0.8376166000380691,104.18,7042559,1789027283,2026-09-10T08:01:23Z,NYSE:DIS
24.28723639148073,-4.502080323299154,-101.57390170020788,-2.370911817074301,111.5815,47.46428891229099,-0.8376166000380691,104.18,7042559,1789027460,2026-09-10T08:04:20Z,NYSE:DIS
24.28723639148073,-4.502080323299154,-101.57390170020788,-2.370911817074301,111.5815,47.46428891229099,-0.8376166000380691,104.18,7042559,1789027642,2026-09-10T08:07:22Z,NYSE:DIS
24.28723639148073,-4.502080323299154,-101.57390170020788,-2.370911817074301,111.5815,47.46428891229099,-0.8376166000380691,104.18,7042559,1789027822,2026-09-10T08:10:22Z,NYSE:DIS
24.28723639148073,-4.502080323299154,-101.57390170020788,-2.370911817074301,111.5815,47.46428891229099,-0.8376166000380691,104.18,7042559,1789027998,2026-09-10T08:13:18Z,NYSE:DIS
24.28723639148073,-4.502080323299154,-101.57390170020788,-2.370911817074301,111.5815,47.46428891229099,-0.8376166000380691,104.18,7042559,1789028182,2026-09-10T08:16:22Z,NYSE:DIS
24.28723639148073,-4.502080323299154,-101.57390170020788,-2.370911817074301,111.5815,47.46428891229099,-0.8376166000380691,104.18,7042559,1789028359,2026-09-10T08:19:19Z,NYSE:DIS
24.28723639148073,-4.502080323299154,-101.57390170020788,-2.370911817074301,111.5815,47.46428891229099,-0.8376166000380691,104.18,7042559,1789028544,2026-09-10T08:22:24Z,NYSE:DIS
24.28723639148073,-4.502080323299154,-101.57390170020788,-2.370911817074301,111.5815,47.46428891229099,-0.8376166000380691,104.18,7042559,1789028725,2026-09-10T08:25:25Z,NYSE:DIS
24.28723639148073,-4.502080323299154,-101.57390170020788,-2.370911817074301,111.5815,47.46428891229099,-0.8376166000380691,104.18,7042559,1789028901,2026-09-10T08:28:21Z,NYSE:DIS
24.28723639148073,-4.502080323299154,-101.57390170020788,-2.370911817074301,111.5815,47.46428891229099,-0.8376166000380691,104.18,7042559,1789029082,2026-09-10T08:31:22Z,NYSE:DIS
24.28723639148073,-4.502080323299154,-101.57390170020788,-2.370911817074301,111.5815,47.46428891229099,-0.8376166000380691,104.18,7042559,1789029254,2026-09-10T08:34:14Z,NYSE:DIS
24.28723639148073,-4.502080323299154,-101.57390170020788,-2.370911817074301,111.5815,47.46428891229099,-0.8376166000380691,104.18,7042559,1789029438,2026-09-10T08:37:18Z,NYSE:DIS
24.28723639148073,-4.502080323299154,-101.57390170020788,-2.370911817074301,111.5815,47.46428891229099,-0.8376166000380691,104.18,7042559,1789029620,2026-09-10T08:40:20Z,NYSE:DIS
24.28723639148073,-4.502080323299154,-101.57390170020788,-2.370911817074301,111.5815,47.46428891229099,-0.8376166000380691,104.18,7042559,1789029802,2026-09-10T08:43:22Z,NYSE:DIS
24.28723639148073,-4.502080323299154,-101.57390170020788,-2.370911817074301,111.5815,47.46428891229099,-0.8376166000380691,104.18,7042559,1789029980,2026-09-10T08:46:20Z,NYSE:DIS
24.28723639148073,-4.502080323299154,-101.57390170020788,-2.370911817074301,111.5815,47.46428891229099,-0.8376166000380691,104.18,7042559,1789030158,2026-09-10T08:49:18Z,NYSE:DIS
24.28723639148073,-4.502080323299154,-101.57390170020788,-2.370911817074301,111.5815,47.46428891229099,-0.8376166000380691,104.18,7042559,1789030341,2026-09-10T08:52:21Z,NYSE:DIS
24.28723639148073,-4.502080323299154,-101.57390170020788,-2.370911817074301,111.5815,47.46428891229099,-0.8376166000380691,104.18,7042559,1789030519,2026-09-10T08:55:19Z,NYSE:DIS
24.28723639148073,-4.502080323299154,-101.57390170020788,-2.370911817074301,111.5815,47.46428891229099,-0.8376166000380691,104.18,7042559,1789030700,2026-09-10T08:58:20Z,NYSE:DIS
24.28723639148073,-4.502080323299154,-101.57390170020788,-2.370911817074301,111.5815,47.46428891229099,-0.8376166000380691,104.18,7042559,1789030885,2026-09-10T09:01:25Z,NYSE:DIS
24.28723639148073,-4.502080323299154,-101.57390170020788,-2.370911817074301,111.5815,47.46428891229099,-0.8376166000380691,104.18,7042559,1789031061,2026-09-10T09:04:21Z,NYSE:DIS
24.28723639148073,-4.502080323299154,-101.57390170020788,-2.370911817074301,111.5815,47.46428891229099,-0.8376166000380691,104.18,7042559,1789031236,2026-09-10T09:07:16Z,NYSE:DIS
24.28723639148073,-4.502080323299154,-101.57390170020788,-2.370911817074301,111.5815,47.46428891229099,-0.8376166000380691,104.18,7042559,1789031420,2026-09-10T09:10:20Z,NYSE:DIS
24.28723639148073,-4.502080323299154,-101.57390170020788,-2.370911817074301,111.5815,47.46428891229099,-0.8376166000380691,104.18,7042559,1789031601,2026-09-10T09:13:21Z,NYSE:DIS
24.28723639148073,-4.502080323299154,-101.57390170020788,-2.370911817074301,111.5815,47.46428891229099,-0.8376166000380691,104.18,7042559,1789031778,2026-09-10T09:16:18Z,NYSE:DIS
24.28723639148073,-4.502080323299154,-101.57390170020788,-2.370911817074301,111.5815,47.46428891229099,-0.8376166000380691,104.18,7042559,1789031963,2026-09-10T09:19:23Z,NYSE:DIS
24.28723639148073,-4.502080323299154,-101.57390170020788,-2.370911817074301,111.5815,47.46428891229099,-0.8376166000380691,104.18,7042559,1789032140,2026-09-10T09:22:20Z,NYSE:DIS
24.28723639148073,-4.502080323299154,-101.57390170020788,-2.370911817074301,111.5815,47.46428891229099,-0.8376166000380691,104.18,7042559,1789032319,2026-09-10T09:25:19Z,NYSE:DIS
24.28723639148073,-4.502080323299154,-101.57390170020788,-2.370911817074301,111.5815,47.46428891229099,-0.8376166000380691,104.18,7042559,1789032498,2026-09-10T09:28:18Z,NYSE:DIS
24.28723639148073,-4.502080323299154,-101.57390170020788,-2.370911817074301,111.5815,47.46428891229099,-0.8376166000380691,104.18,7042559,1789032680,2026-09-10T09:31:20Z,NYSE:DIS
24.28723639148073,-4.502080323299154,-101.57390170020788,-2.370911817074301,111.5815,47.46428891229099,-0.8376166000380691,104.18,7042559,1789032860,2026-09-10T09:34:20Z,NYSE:DIS
24.28723639148073,-4.502080323299154,-101.57390170020788,-2.370911817074301,111.5815,47.46428891229099,-0.8376166000380691,104.18,7042559,1789033039,2026-09-10T09:37:19Z,NYSE:DIS
24.28723639148073,-4.502080323299154,-101.57390170020788,-2.370911817074301,111.5815,47.46428891229099,-0.8376166000380691,104.18,7042559,1789033222,2026-09-10T09:40:22Z,NYSE:DIS
24.28723639148073,-4.502080323299154,-101.57390170020788,-2.370911817074301,111.5815,47.46428891229099,-0.8376166000380691,104.18,7042559,1789033400,2026-09-10T09:43:20Z,NYSE:DIS
24.28723639148073,-4.502080323299154,-101.57390170020788,-2.370911817074301,111.5815,47.46428891229099,-0.8376166000380691,104.18,7042559,1789033581,2026-09-10T09:46:21Z,NYSE:DIS
24.28723639148073,-4.502080323299154,-101.57390170020788,-2.370911817074301,111.5815,47.46428891229099,-0.8376166000380691,104.18,7042559,1789033764,2026-09-10T09:49:24Z,NYSE:DIS
24.28723639148073,-4.502080323299154,-101.57390170020788,-2.370911817074301,111.5815,47.46428891229099,-0.8376166000380691,104.18,7042559,1789033940,2026-09-10T09:52:20Z,NYSE:DIS
24.28723639148073,-4.502080323299154,-101.57390170020788,-2.370911817074301,111.5815,47.46428891229099,-0.8376166000380691,104.18,7042559,1789034120,2026-09-10T09:55:20Z,NYSE:DIS
24.28723639148073,-4.502080323299154,-101.57390170020788,-2.370911817074301,111.5815,47.46428891229099,-0.8376166000380691,104.18,7042559,1789034303,2026-09-10T09:58:23Z,NYSE:DIS
24.28723639148073,-4.502080323299154,-101.57390170020788,-2.370911817074301,111.5815,47.46428891229099,-0.8376166000380691,104.18,7042559,1789034474,2026-09-10T10:01:14Z,NYSE:DIS
24.28723639148073,-4.502080323299154,-101.57390170020788,-2.370911817074301,111.5815,47.46428891229099,-0.8376166000380691,104.18,7042559,1789034663,2026-09-10T10:04:23Z,NYSE:DIS
24.28723639148073,-4.502080323299154,-101.57390170020788,-2.370911817074301,111.5815,47.46428891229099,-0.8376166000380691,104.18,7042559,1789034836,2026-09-10T10:07:16Z,NYSE:DIS
24.28723639148073,-4.502080323299154,-101.57390170020788,-2.370911817074301,111.5815,47.46428891229099,-0.8376166000380691,104.18,7042559,1789035022,2026-09-10T10:10:22Z,NYSE:DIS
24.28723639148073,-4.502080323299154,-101.57390170020788,-2.370911817074301,111.5815,47.46428891229099,-0.8376166000380691,104.18,7042559,1789035201,2026-09-10T10:13:21Z,NYSE:DIS
24.28723639148073,-4.502080323299154,-101.57390170020788,-2.370911817074301,111.5815,47.46428891229099,-0.8376166000380691,104.18,7042559,1789035378,2026-09-10T10:16:18Z,NYSE:DIS
24.28723639148073,-4.502080323299154,-101.57390170020788,-2.370911817074301,111.5815,47.46428891229099,-0.8376166000380691,104.18,7042559,1789035559,2026-09-10T10:19:19Z,NYSE:DIS
24.28723639148073,-4.502080323299154,-101.57390170020788,-2.370911817074301,111.5815,47.46428891229099,-0.8376166000380691,104.18,7042559,1789035738,2026-09-10T10:22:18Z,NYSE:DIS
24.28723639148073,-4.502080323299154,-101.57390170020788,-2.370911817074301,111.5815,47.46428891229099,-0.8376166000380691,104.18,7042559,1789035926,2026-09-10T10:25:26Z,NYSE:DIS
24.28723639148073,-4.502080323299154,-101.57390170020788,-2.370911817074301,111.5815,47.46428891229099,-0.8376166000380691,104.18,7042559,1789036101,2026-09-10T10:28:21Z,NYSE:DIS
24.28723639148073,-4.502080323299154,-101.57390170020788,-2.370911817074301,111.5815,47.46428891229099,-0.8376166000380691,104.18,7042559,1789036278,2026-09-10T10:31:18Z,NYSE:DIS
24.28723639148073,-4.502080323299154,-101.57390170020788,-2.370911817074301,111.5815,47.46428891229099,-0.8376166000380691,104.18,7042559,1789036462,2026-09-10T10:34:22Z,NYSE:DIS
24.28723639148073,-4.502080323299154,-101.57390170020788,-2.370911817074301,111.5815,47.46428891229099,-0.8376166000380691,104.18,7042559,1789036638,2026-09-10T10:37:18Z,NYSE:DIS
24.28723639148073,-4.502080323299154,-101.57390170020788,-2.370911817074301,111.5815,47.46428891229099,-0.8376166000380691,104.18,7042559,1789036815,2026-09-10T10:40:15Z,NYSE:DIS
24.28723639148073,-4.502080323299154,-101.57390170020788,-2.370911817074301,111.5815,47.46428891229099,-0.8376166000380691,104.18,7042559,1789037002,2026-09-10T10:43:22Z,NYSE:DIS
24.28723639148073,-4.502080323299154,-101.57390170020788,-2.370911817074301,111.5815,47.46428891229099,-0.8376166000380691,104.18,7042559,1789037175,2026-09-10T10:46:15Z,NYSE:DIS
24.28723639148073,-4.502080323299154,-101.57390170020788,-2.370911817074301,111.5815,47.46428891229099,-0.8376166000380691,104.18,7042559,1789037359,2026-09-10T10:49:19Z,NYSE:DIS
24.28723639148073,-4.502080323299154,-101.57390170020788,-2.370911817074301,111.5815,47.46428891229099,-0.8376166000380691,104.18,7042559,1789037539,2026-09-10T10:52:19Z,NYSE:DIS
24.28723639148073,-4.502080323299154,-101.57390170020788,-2.370911817074301,111.5815,47.46428891229099,-0.8376166000380691,104.18,7042559,1789037721,2026-09-10T10:55:21Z,NYSE:DIS
24.28723639148073,-4.502080323299154,-101.57390170020788,-2.370911817074301,111.5815,47.46428891229099,-0.8376166000380691,104.18,7042559,1789037897,2026-09-10T10:58:17Z,NYSE:DIS
24.28723639148073,-4.502080323299154,-101.57390170020788,-2.370911817074301,111.5815,47.46428891229099,-0.8376166000380691,104.18,7042559,1789038078,2026-09-10T11:01:18Z,NYSE:DIS
24.28723639148073,-4.502080323299154,-101.57390170020788,-2.370911817074301,111.5815,47.46428891229099,-0.8376166000380691,104.18,7042559,1789038260,2026-09-10T11:04:20Z,NYSE:DIS
24.28723639148073,-4.502080323299154,-101.57390170020788,-2.370911817074301,111.5815,47.46428891229099,-0.8376166000380691,104.18,7042559,1789038437,2026-09-10T11:07:17Z,NYSE:DIS
24.28723639148073,-4.502080323299154,-101.57390170020788,-2.370911817074301,111.5815,47.46428891229099,-0.8376166000380691,104.18,7042559,1789038618,2026-09-10T11:10:18Z,NYSE:DIS
24.28723639148073,-4.502080323299154,-101.57390170020788,-2.370911817074301,111.5815,47.46428891229099,-0.8376166000380691,104.18,7042559,1789038802,2026-09-10T11:13:22Z,NYSE:DIS
24.28723639148073,-4.502080323299154,-101.57390170020788,-2.370911817074301,111.5815,47.46428891229099,-0.8376166000380691,104.18,7042559,1789038981,2026-09-10T11:16:21Z,NYSE:DIS
24.28723639148073,-4.502080323299154,-101.57390170020788,-2.370911817074301,111.5815,47.46428891229099,-0.8376166000380691,104.18,7042559,1789039161,2026-09-10T11:19:21Z,NYSE:DIS
24.28723639148073,-4.502080323299154,-101.57390170020788,-2.370911817074301,111.5815,47.46428891229099,-0.8376166000380691,104.18,7042559,1789039339,2026-09-10T11:22:19Z,NYSE:DIS
24.28723639148073,-4.502080323299154,-101.57390170020788,-2.370911817074301,111.5815,47.46428891229099,-0.8376166000380691,104.18,7042559,1789039520,2026-09-10T11:25:20Z,NYSE:DIS
24.28723639148073,-4.502080323299154,-101.57390170020788,-2.370911817074301,111.5815,47.46428891229099,-0.8376166000380691,104.18,7042559,1789039702,2026-09-10T11:28:22Z,NYSE:DIS
24.28723639148073,-4.502080323299154,-101.57390170020788,-2.370911817074301,111.5815,47.46428891229099,-0.8376166000380691,104.18,7042559,1789039879,2026-09-10T11:31:19Z,NYSE:DIS
24.28723639148073,-4.502080323299154,-101.57390170020788,-2.370911817074301,111.5815,47.46428891229099,-0.8376166000380691,104.18,7042559,1789040058,2026-09-10T11:34:18Z,NYSE:DIS
24.28723639148073,-4.502080323299154,-101.57390170020788,-2.370911817074301,111.5815,47.46428891229099,-0.8376166000380691,104.18,7042559,1789040242,2026-09-10T11:37:22Z,NYSE:DIS
24.28723639148073,-4.502080323299154,-101.57390170020788,-2.370911817074301,111.5815,47.46428891229099,-0.8376166000380691,104.18,7042559,1789040419,2026-09-10T11:40:19Z,NYSE:DIS
24.28723639148073,-4.502080323299154,-101.57390170020788,-2.370911817074301,111.5815,47.46428891229099,-0.8376166000380691,104.18,7042559,1789040604,2026-09-10T11:43:24Z,NYSE:DIS
24.28723639148073,-4.502080323299154,-101.57390170020788,-2.370911817074301,111.5815,47.46428891229099,-0.8376166000380691,104.18,7042559,1789040776,2026-09-10T11:46:16Z,NYSE:DIS
24.28723639148073,-4.502080323299154,-101.57390170020788,-2.370911817074301,111.5815,47.46428891229099,-0.8376166000380691,104.18,7042559,1789040963,2026-09-10T11:49:23Z,NYSE:DIS
24.28723639148073,-4.502080323299154,-101.57390170020788,-2.370911817074301,111.5815,47.46428891229099,-0.8376166000380691,104.18,7042559,1789041143,2026-09-10T11:52:23Z,NYSE:DIS
24.28723639148073,-4.502080323299154,-101.57390170020788,-2.370911817074301,111.5815,47.46428891229099,-0.8376166000380691,104.18,7042559,1789041324,2026-09-10T11:55:24Z,NYSE:DIS
24.28723639148073,-4.502080323299154,-101.57390170020788,-2.370911817074301,111.5815,47.46428891229099,-0.8376166000380691,104.18,7042559,1789041501,2026-09-10T11:58:21Z,NYSE:DIS
24.28723639148073,-4.502080323299154,-101.57390170020788,-2.370911817074301,111.5815,47.46428891229099,-0.8376166000380691,104.18,7042559,1789041680,2026-09-10T12:01:20Z,NYSE:DIS
24.28723639148073,-4.502080323299154,-101.57390170020788,-2.370911817074301,111.5815,47.46428891229099,-0.8376166000380691,104.18,7042559,1789041862,2026-09-10T12:04:22Z,NYSE:DIS
24.28723639148073,-4.502080323299154,-101.57390170020788,-2.370911817074301,111.5815,47.46428891229099,-0.8376166000380691,104.18,7042559,1789042039,2026-09-10T12:07:19Z,NYSE:DIS
24.28723639148073,-4.502080323299154,-101.57390170020788,-2.370911817074301,111.5815,47.46428891229099,-0.8376166000380691,104.18,7042559,1789042227,2026-09-10T12:10:27Z,NYSE:DIS
24.28723639148073,-4.502080323299154,-101.57390170020788,-2.370911817074301,111.5815,47.46428891229099,-0.8376166000380691,104.18,7042559,1789042396,2026-09-10T12:13:16Z,NYSE:DIS
24.28723639148073,-4.502080323299154,-101.57390170020788,-2.370911817074301,111.5815,47.46428891229099,-0.8376166000380691,104.18,7042559,1789042583,2026-09-10T12:16:23Z,NYSE:DIS
24.28723639148073,-4.502080323299154,-101.57390170020788,-2.370911817074301,111.5815,47.46428891229099,-0.8376166000380691,104.18,7042559,1789042758,2026-09-10T12:19:18Z,NYSE:DIS
24.28723639148073,-4.502080323299154,-101.57390170020788,-2.370911817074301,111.5815,47.46428891229099,-0.8376166000380691,104.18,7042559,1789042933,2026-09-10T12:22:13Z,NYSE:DIS
24.28723639148073,-4.502080323299154,-101.57390170020788,-2.370911817074301,111.5815,47.46428891229099,-0.8376166000380691,104.18,7042559,1789043121,2026-09-10T12:25:21Z,NYSE:DIS
24.28723639148073,-4.502080323299154,-101.57390170020788,-2.370911817074301,111.5815,47.46428891229099,-0.8376166000380691,104.18,7042559,1789043302,2026-09-10T12:28:22Z,NYSE:DIS
24.28723639148073,-4.502080323299154,-101.57390170020788,-2.370911817074301,111.5815,47.46428891229099,-0.8376166000380691,104.18,7042559,1789043477,2026-09-10T12:31:17Z,NYSE:DIS
24.28723639148073,-4.502080323299154,-101.57390170020788,-2.370911817074301,111.5815,47.46428891229099,-0.8376166000380691,104.18,7042559,1789043663,2026-09-10T12:34:23Z,NYSE:DIS
24.28723639148073,-4.502080323299154,-101.57390170020788,-2.370911817074301,111.5815,47.46428891229099,-0.8376166000380691,104.18,7042559,1789043842,2026-09-10T12:37:22Z,NYSE:DIS
24.28723639148073,-4.502080323299154,-101.57390170020788,-2.370911817074301,111.5815,47.46428891229099,-0.8376166000380691,104.18,7042559,1789044016,2026-09-10T12:40:16Z,NYSE:DIS
24.28723639148073,-4.502080323299154,-101.57390170020788,-2.370911817074301,111.5815,47.46428891229099,-0.8376166000380691,104.18,7042559,1789044200,2026-09-10T12:43:20Z,NYSE:DIS
24.28723639148073,-4.502080323299154,-101.57390170020788,-2.370911817074301,111.5815,47.46428891229099,-0.8376166000380691,104.18,7042559,1789044383,2026-09-10T12:46:23Z,NYSE:DIS
24.28723639148073,-4.502080323299154,-101.57390170020788,-2.370911817074301,111.5815,47.46428891229099,-0.8376166000380691,104.18,7042559,1789044560,2026-09-10T12:49:20Z,NYSE:DIS
24.28723639148073,-4.502080323299154,-101.57390170020788,-2.370911817074301,111.5815,47.46428891229099,-0.8376166000380691,104.18,7042559,1789044740,2026-09-10T12:52:20Z,NYSE:DIS
24.28723639148073,-4.502080323299154,-101.57390170020788,-2.370911817074301,111.5815,47.46428891229099,-0.8376166000380691,104.18,7042559,1789044918,2026-09-10T12:55:18Z,NYSE:DIS
24.28723639148073,-4.502080323299154,-101.57390170020788,-2.370911817074301,111.5815,47.46428891229099,-0.8376166000380691,104.18,7042559,1789045102,2026-09-10T12:58:22Z,NYSE:DIS
24.28723639148073,-4.502080323299154,-101.57390170020788,-2.370911817074301,111.5815,47.46428891229099,-0.8376166000380691,104.18,7042559,1789045282,2026-09-10T13:01:22Z,NYSE:DIS
24.28723639148073,-4.502080323299154,-101.57390170020788,-2.370911817074301,111.5815,47.46428891229099,-0.8376166000380691,104.18,7042559,1789045456,2026-09-10T13:04:16Z,NYSE:DIS
24.28723639148073,-4.502080323299154,-101.57390170020788,-2.370911817074301,111.5815,47.46428891229099,-0.8376166000380691,104.18,7042559,1789045641,2026-09-10T13:07:21Z,NYSE:DIS
24.28723639148073,-4.502080323299154,-101.57390170020788,-2.370911817074301,111.5815,47.46428891229099,-0.8376166000380691,104.18,7042559,1789045819,2026-09-10T13:10:19Z,NYSE:DIS
24.28723639148073,-4.502080323299154,-101.57390170020788,-2.370911817074301,111.5815,47.46428891229099,-0.8376166000380691,104.18,7042559,1789046001,2026-09-10T13:13:21Z,NYSE:DIS
24.28723639148073,-4.502080323299154,-101.57390170020788,-2.370911817074301,111.5815,47.46428891229099,-0.8376166000380691,104.18,7042559,1789046182,2026-09-10T13:16:22Z,NYSE:DIS
24.28723639148073,-4.502080323299154,-101.57390170020788,-2.370911817074301,111.5815,47.46428891229099,-0.8376166000380691,104.18,7042559,1789046362,2026-09-10T13:19:22Z,NYSE:DIS
24.28723639148073,-4.502080323299154,-101.57390170020788,-2.370911817074301,111.5815,47.46428891229099,-0.8376166000380691,104.18,7042559,1789046543,2026-09-10T13:22:23Z,NYSE:DIS
24.28723639148073,-4.502080323299154,-101.57390170020788,-2.370911817074301,111.5815,47.46428891229099,-0.8376166000380691,104.18,7042559,1789046718,2026-09-10T13:25:18Z,NYSE:DIS
24.28723639148073,-4.502080323299154,-101.57390170020788,-2.370911817074301,111.5815,47.46428891229099,-0.8376166000380691,104.18,7042559,1789046898,2026-09-10T13:28:18Z,NYSE:DIS
24.28723639148073,-4.502080323299154,-101.57390170020788,-2.370911817074301,111.5815,47.46428891229099,-0.8376166000380691,104.18,7042559,1789047079,2026-09-10T13:31:19Z,NYSE:DIS
24.28723639148073,-4.502080323299154,-101.57390170020788,-2.370911817074301,111.5815,47.46428891229099,-0.8376166000380691,104.18,7042559,1789047261,2026-09-10T13:34:21Z,NYSE:DIS
24.28723639148073,-4.502080323299154,-101.57390170020788,-2.370911817074301,111.5815,47.46428891229099,-0.8376166000380691,104.18,7042559,1789047438,2026-09-10T13:37:18Z,NYSE:DIS
24.28723639148073,-4.502080323299154,-101.57390170020788,-2.370911817074301,111.5815,47.46428891229099,-0.8376166000380691,104.18,7042559,1789047621,2026-09-10T13:40:21Z,NYSE:DIS
24.28723639148073,-4.502080323299154,-101.57390170020788,-2.370911817074301,111.5815,47.46428891229099,-0.8376166000380691,104.18,7042559,1789047800,2026-09-10T13:43:20Z,NYSE:DIS
22.696196937715072,-3.931068848542125,-109.46574806169404,-4.234947523476348,111.5815,47.031054072546034,-0.1535803417162707,104.02,193768,1789047978,2026-09-10T13:46:18Z,NYSE:DIS
22.696196937715072,-3.906783134256429,-105.90056301135188,-4.023200147302527,111.5815,47.67516367060512,0.0671913995008573,104.25,228805,1789048156,2026-09-10T13:49:16Z,NYSE:DIS
22.696196937715072,-3.858925991399275,-106.515064310393,-4.096851408580374,111.5815,47.4369780323029,-0.0095987713572711,104.17,254544,1789048342,2026-09-10T13:52:22Z,NYSE:DIS
22.696196937715072,-3.763925991399276,-102.42344896747464,-3.9035168477260256,111.5815,48.06233015639929,0.1919754271453145,104.38,328294,1789048519,2026-09-10T13:55:19Z,NYSE:DIS
22.696196937715072,-3.742497419970704,-103.26680519590865,-3.972564905173999,111.5815,47.83966711162592,0.1199846419658283,104.305,357946,1789048696,2026-09-10T13:58:16Z,NYSE:DIS
22.696196937715072,-3.746783134256418,-103.09824244241211,-3.958755293684415,111.5815,47.88435232306116,0.1343827990017146,104.32,384874,1789048883,2026-09-10T14:01:23Z,NYSE:DIS
22.696196937715072,-3.7482117056850086,-103.0420428103329,-3.954152089854541,111.5815,47.89923038446207,0.1391821846803571,104.325,441115,1789049062,2026-09-10T14:04:22Z,NYSE:DIS
22.696196937715072,-3.718211705685008,-104.22097123957477,-4.0508193702817215,111.5815,47.5849964220583,0.0383950854290574,104.22,478375,1789049239,2026-09-10T14:07:19Z,NYSE:DIS
22.696196937715072,-3.756068848542157,-102.7328371038068,-3.928834468790276,111.5815,48.003139433481294,0.1727778844307857,104.36,493791,1789049421,2026-09-10T14:10:21Z,NYSE:DIS
22.696196937715072,-3.7653545628278655,-102.36717696653844,-3.898913643896151,111.5815,48.07710678691024,0.1967748128239568,104.385,509969,1789049596,2026-09-10T14:13:16Z,NYSE:DIS
22.696196937715072,-3.783925991399286,-101.6350912292324,-3.839071994107901,111.5815,48.26844066508612,0.2591668266461854,104.45,585355,1789049782,2026-09-10T14:16:22Z,NYSE:DIS
22.696196937715072,-3.753925991399285,-102.81718401828068,-3.9357392745350817,111.5815,47.95865777868751,0.1583797273948858,104.345,642131,1789049957,2026-09-10T14:19:17Z,NYSE:DIS
22.696196937715072,-3.7096402771135786,-104.5573211292272,-4.078438593260915,111.5815,47.49451788092159,0.0095987713572575,104.19,771002,1789050141,2026-09-10T14:22:21Z,NYSE:DIS
22.696196937715072,-3.723925991399284,-103.99661789061894,-4.032406554962263,111.5815,47.6451424099309,0.0575926281435861,104.24,806782,1789050319,2026-09-10T14:25:19Z,NYSE:DIS
22.696196937715072,-3.761068848542152,-102.53597486209128,-3.912723255385748,111.5815,48.03275164950091,0.1823766557880569,104.37,825907,1789050498,2026-09-10T14:28:18Z,NYSE:DIS
22.696196937715072,-3.746783134256418,-103.09824244241211,-3.958755293684415,111.5815,47.88435232306116,0.1343827990017146,104.32,851465,1789050679,2026-09-10T14:31:19Z,NYSE:DIS
22.696196937715072,-3.771068848542143,-102.1420285826066,-3.880500828576692,111.5815,48.136129323436144,0.2159723555384856,104.405,878905,1789050860,2026-09-10T14:34:20Z,NYSE:DIS
22.696196937715072,-3.726068848542127,-98.07276914276883,-3.6549438409132735,111.5815,48.84841493314428,0.4511422537915135,104.65,912322,1789051043,2026-09-10T14:37:23Z,NYSE:DIS
22.696196937715072,-3.5646402771135683,-94.7717313805058,-3.562879764315968,111.5815,49.13355258401048,0.5471299673641709,104.75,957243,1789051216,2026-09-10T14:40:16Z,NYSE:DIS
22.696196937715072,-3.581783134256426,-94.08617343959604,-3.507641318357579,111.5815,49.303114377886025,0.6047225955077706,104.81,988306,1789051399,2026-09-10T14:43:19Z,NYSE:DIS
22.696196937715072,-3.561783134256416,-94.88590462299877,-3.572086171975704,111.5815,49.10518195025394,0.5375311960068996,104.74,1007672,1789051581,2026-09-10T14:46:21Z,NYSE:DIS
22.68519326836645,-3.533211705684991,-91.90935961238706,-3.4063708341005365,111.5815,49.61105944920673,0.710309080437699,104.92,1053810,1789051762,2026-09-10T14:49:22Z,NYSE:DIS
22.68519326836645,-3.493211705684999,-93.51419530438064,-3.5352605413367733,111.5815,49.21847502416608,0.5759262814359707,104.78,1080801,1789051941,2026-09-10T14:52:21Z,NYSE:DIS
22.68519326836645,-3.463211705684998,-94.71463550608352,-3.6319278217639535,111.5815,48.919998621112015,0.475139182184671,104.675,1100633,1789052120,2026-09-10T14:55:20Z,NYSE:DIS
22.68519326836645,-3.4732117056849887,-94.31479156584084,-3.5997053949548983,111.5815,49.01987984693047,0.5087348819350997,104.71,1128051,1789052302,2026-09-10T14:58:22Z,NYSE:DIS
22.68519326836645,-3.42606884854213,-96.19712587441254,-3.751611121340456,111.5815,48.54555953479209,0.3503551545402139,104.545,1148100,1789052477,2026-09-10T15:01:17Z,NYSE:DIS
22.68519326836645,-3.421783134256416,-96.36791485112155,-3.765420732830053,111.5815,48.50200147429558,0.3359569975043139,104.53,1170191,1789052658,2026-09-10T15:04:18Z,NYSE:DIS
22.68519326836645,-3.462497419970717,-94.74318421449736,-3.634229423678885,111.5815,48.99138223460148,0.4727394893453566,104.6725,1216139,1789052834,2026-09-10T15:07:14Z,NYSE:DIS
22.68519326836645,-3.437497419970711,-95.7414181860182,-3.714785490701538,111.5815,48.66135493766611,0.3887502399692713,104.585,1242397,1789053021,2026-09-10T15:10:21Z,NYSE:DIS
22.68519326836645,-3.4417831342564256,-95.57042631978642,-3.7009758792119407,111.5815,48.70464395969623,0.4031483970051713,104.6,1254894,1789053199,2026-09-10T15:13:19Z,NYSE:DIS
22.68519326836645,-3.414640277113577,-96.65244033480424,-3.788436751979386,111.5815,48.42924059309051,0.3119600691111428,104.505,1276402,1789053377,2026-09-10T15:16:17Z,NYSE:DIS
22.68519326836645,-3.384611705685004,-97.8469088382528,-3.885196096483154,111.5815,48.12109132629998,0.2110769821462809,104.3999,1352777,1789053562,2026-09-10T15:19:22Z,NYSE:DIS
22.68519326836645,-3.377497419970709,-98.1295027429617,-3.908120051555887,111.5815,48.04754511299176,0.1871760414666857,104.375,1408951,1789053739,2026-09-10T15:22:19Z,NYSE:DIS
22.68519326836645,-3.3960688485421286,-97.39148896211364,-3.8482784017676366,111.5815,48.239096518593456,0.2495680552889142,104.44,1436178,1789053917,2026-09-10T15:25:17Z,NYSE:DIS
22.68519326836645,-3.40749741997071,-96.9368124125449,-3.811452771128706,111.5815,48.356273815089416,0.2879631407179853,104.48,1459718,1789054100,2026-09-10T15:28:20Z,NYSE:DIS
22.68519326836645,-3.4674974199707123,-94.54331085811825,-3.618118210274357,111.5815,48.96285274442959,0.489537339220571,104.69,1496353,1789054281,2026-09-10T15:31:21Z,NYSE:DIS
22.68519326836645,-3.4974974199707134,-93.34248118175054,-3.521450929847176,111.5815,49.26082999828857,0.5903244384718707,104.795,1515856,1789054460,2026-09-10T15:34:20Z,NYSE:DIS
22.68519326836645,-3.4903545628278465,-93.62864042862658,-3.5444669489965093,111.5815,49.10518195025394,0.5663275100786995,104.77,1533636,1789054634,2026-09-10T15:37:14Z,NYSE:DIS
22.68519326836645,-3.54178313425642,-91.564832627624,-3.378751611121342,111.5815,49.6943962667684,0.7391053945094989,104.95,1588178,1789054819,2026-09-10T15:40:19Z,NYSE:DIS
22.630669691572454,-3.4703545628278647,-89.26224807101514,-3.2866875345240354,111.5815,49.9702057197296,0.8350931080821562,105.05,1616243,1789055000,2026-09-10T15:43:20Z,NYSE:DIS
22.630669691572454,-3.463211705684998,-89.55061808831326,-3.3097035536733554,111.5815,49.901537278383,0.8110961796889986,105.025,1643184,1789055178,2026-09-10T15:46:18Z,NYSE:DIS
22.619862893569497,-3.423211705684992,-90.12688867457756,-3.3741484072914805,111.5815,49.70825894378788,0.7439047801881277,104.955,1739830,1789055361,2026-09-10T15:49:21Z,NYSE:DIS
22.619862893569497,-3.421783134256429,-90.18448133688196,-3.378751611121342,111.5815,49.6943962667684,0.7391053945094989,104.95,1788660,1789055536,2026-09-10T15:52:16Z,NYSE:DIS
22.619862893569497,-3.36464027711358,-92.4830738107436,-3.562879764315968,111.5815,49.13355258401048,0.5471299673641709,104.75,1822737,1789055725,2026-09-10T15:55:25Z,NYSE:DIS
22.619862893569497,-3.4132117056850007,-90.52990610039946,-3.4063708341005365,111.5815,49.61105944920673,0.710309080437699,104.92,1845472,1789055902,2026-09-10T15:58:22Z,NYSE:DIS
22.619862893569497,-3.4060688485421338,-90.81758835879012,-3.429386853249869,111.5815,49.541400889715504,0.6863121520445279,104.895,1861641,1789056082,2026-09-10T16:01:22Z,NYSE:DIS
22.619862893569497,-3.433211705685011,-89.72356495841606,-3.3419259804824244,111.5815,49.80508416765876,0.7775004799385563,104.99,1873456,1789056256,2026-09-10T16:04:16Z,NYSE:DIS
22.619862893569497,-3.436068848542135,-89.60827330466405,-3.332719572822689,111.5815,49.83268007608441,0.7870992512958275,105.0,1892262,1789056440,2026-09-10T16:07:20Z,NYSE:DIS
22.619862893569497,-3.416068848542153,-90.41478949821956,-3.3971644264408005,111.5815,49.63886905072666,0.7199078517949702,104.93,1915083,1789056623,2026-09-10T16:10:23Z,NYSE:DIS
22.619862893569497,-3.416068848542153,-90.41478949821956,-3.3971644264408005,111.5815,49.63886905072666,0.7199078517949702,104.93,1930631,1789056794,2026-09-10T16:13:14Z,NYSE:DIS
22.619862893569497,-3.396068848542143,-91.22008152658904,-3.461609280058925,111.5815,49.443554720342725,0.6527164522940992,104.86,1948450,1789056980,2026-09-10T16:16:20Z,NYSE:DIS
22.619862893569497,-3.4132117056850007,-90.52990610039946,-3.4063708341005365,111.5815,49.61105944920673,0.710309080437699,104.92,1970888,1789057161,2026-09-10T16:19:21Z,NYSE:DIS
22.619862893569497,-3.44178313425644,-89.37761486912471,-3.31430675750323,111.5815,49.88778096367831,0.8062967940103561,105.02,2031232,1789057343,2026-09-10T16:22:23Z,NYSE:DIS
22.619862893569497,-3.4203545628278675,-90.24206774938082,-3.3833548149512165,111.5815,49.68052594528096,0.7343060088308565,104.945,2087085,1789057518,2026-09-10T16:25:18Z,NYSE:DIS
22.619862893569497,-3.3732117056850086,-92.1389198677542,-3.5352605413367733,111.5815,49.21847502416608,0.5759262814359707,104.78,2193145,1789057701,2026-09-10T16:28:21Z,NYSE:DIS
22.619862893569497,-3.398925991399296,-91.10511465149295,-3.452402872399189,111.5815,49.47154946916913,0.6623152236513704,104.87,2245856,1789057881,2026-09-10T16:31:21Z,NYSE:DIS
22.619862893569497,-3.4003545628278573,-91.04762186411875,-3.452402872399189,111.5815,49.48553522059781,0.6623152236513704,104.87,2278664,1789058059,2026-09-10T16:34:19Z,NYSE:DIS
22.619862893569497,-3.3932117056849904,-91.33502347557273,-3.4708156877186616,111.5815,49.41552893393657,0.643117680936828,104.85,2299352,1789058240,2026-09-10T16:37:20Z,NYSE:DIS
22.619862893569497,-3.3746402771135706,-92.08153912945026,-3.530657337506912,111.5815,49.23260120361949,0.5807256671145995,104.785,2329725,1789058422,2026-09-10T16:40:22Z,NYSE:DIS
22.619862893569497,-3.378925991399285,-91.90935961238706,-3.5168477260173145,111.5815,49.274932626603245,0.5951238241504995,104.8,2347690,1789058594,2026-09-10T16:43:14Z,NYSE:DIS
22.619862893569497,-3.4060688485421338,-90.81758835879012,-3.429386853249869,111.5815,49.541400889715504,0.6863121520445279,104.895,2379211,1789058780,2026-09-10T16:46:20Z,NYSE:DIS
22.619862893569497,-3.4317831342564205,-89.78120139785665,-3.3465291843122857,111.5815,49.79127482539983,0.7727010942599276,104.985,2420435,1789058957,2026-09-10T16:49:17Z,NYSE:DIS
22.619862893569497,-3.4303545628278584,-89.83883158036467,-3.3511323881421475,111.5815,49.777457882753154,0.7679017085812988,104.98,2451958,1789059143,2026-09-10T16:52:23Z,NYSE:DIS
22.60371320954856,-3.411783134256438,-89.03143927329562,-3.31430675750323,111.5815,49.88778096367831,0.8062967940103561,105.02,2481393,1789059318,2026-09-10T16:55:18Z,NYSE:DIS
22.60371320954856,-3.4203545628278675,-88.68503795036624,-3.2866875345240354,111.5815,49.9702057197296,0.8350931080821562,105.05,2516620,1789059498,2026-09-10T16:58:18Z,NYSE:DIS
22.59834604610434,-3.417497419970701,-88.28061748498193,-3.263671515374702,111.5815,50.03868617524855,0.8590900364753273,105.075,2548725,1789059678,2026-09-10T17:01:18Z,NYSE:DIS
22.575572906531413,-3.320354562827859,-85.44103353079312,-3.1577978272877982,111.5815,50.35129675003926,0.9694759070838844,105.19,2570297,1789059859,2026-09-10T17:04:19Z,NYSE:DIS
22.575572906531413,-3.2989259913992868,-86.31190347114733,-3.226845884735785,111.5815,50.14786581611226,0.8974851219043848,105.115,2598005,1789060036,2026-09-10T17:07:16Z,NYSE:DIS
22.575572906531413,-3.307497419970716,-85.96372628891382,-3.1992266617565903,111.5815,50.229437911775705,0.9262814359761846,105.145,2608634,1789060221,2026-09-10T17:10:21Z,NYSE:DIS
22.575572906531413,-3.29178313425642,-86.60187735567226,-3.249861903885105,111.5815,50.07968453622669,0.8734881935112272,105.09,2627675,1789060401,2026-09-10T17:13:21Z,NYSE:DIS
22.575572906531413,-3.2974974199707248,-86.36991088085915,-3.2314490885656464,111.5815,50.13424446374967,0.8926857362257559,105.11,2645691,1789060582,2026-09-10T17:16:22Z,NYSE:DIS
22.575572906531413,-3.274640277113562,-87.29717096623988,-3.305100349843494,111.5815,49.915286042663226,0.8158955653676273,105.03,2666809,1789060758,2026-09-10T17:19:18Z,NYSE:DIS
22.575572906531413,-3.2574974199707043,-87.99155723950122,-3.360338795801883,111.5815,49.749801171184046,0.7583029372240276,104.97,2697834,1789060941,2026-09-10T17:22:21Z,NYSE:DIS
22.575572906531413,-3.2174974199707123,-89.60827330466405,-3.4892285030381203,111.5815,49.35938404168903,0.6239201382222993,104.83,2746059,1789061121,2026-09-10T17:25:21Z,NYSE:DIS
22.575572906531413,-3.2317831342564176,-89.03143927329562,-3.443196464739467,111.5815,49.49951323194677,0.6719139950086279,104.88,2769801,1789061300,2026-09-10T17:28:20Z,NYSE:DIS
22.575572906531413,-3.25321170568499,-88.16501224446073,-3.3741484072914805,111.5815,49.70825894378788,0.7439047801881277,104.955,2779970,1789061479,2026-09-10T17:31:19Z,NYSE:DIS
22.575572906531413,-3.2495354199707123,-88.31375687115253,-3.3859942920272563,111.5815,49.672569252121015,0.7315540410827331,104.942133,2799787,1789061660,2026-09-10T17:34:20Z,NYSE:DIS
22.575572906531413,-3.2574974199707043,-87.99155723950122,-3.360338795801883,111.5815,49.749801171184046,0.7583029372240276,104.97,2825875,1789061838,2026-09-10T17:37:18Z,NYSE:DIS
22.575572906531413,-3.267497419970724,-87.58660874482169,-3.328116368992827,111.5815,49.84646665476939,0.7918986369744563,105.005,2858768,1789062020,2026-09-10T17:40:20Z,NYSE:DIS
22.575572906531413,-3.203211705685007,-90.1844813368809,-3.5352605413367733,111.5815,49.21847502416608,0.5759262814359707,104.78,2890553,1789062199,2026-09-10T17:43:19Z,NYSE:DIS
22.575572906531413,-3.226068848542141,-89.26224807101514,-3.461609280058925,111.5815,49.443554720342725,0.6527164522940992,104.86,2916288,1789062378,2026-09-10T17:46:18Z,NYSE:DIS
22.575572906531413,-3.2203545628278647,-89.49295661095245,-3.4800220953783843,111.5815,49.38747205830536,0.6335189095795706,104.84,2929990,1789062559,2026-09-10T17:49:19Z,NYSE:DIS
22.575572906531413,-3.2374974199707225,-88.80053015242466,-3.4247836494199952,111.5815,49.55534800491027,0.6911115377231704,104.9,2945817,1789062741,2026-09-10T17:52:21Z,NYSE:DIS
22.575572906531413,-3.237525991399295,-88.79937535464835,-3.424691585343408,111.5815,49.5556268685709,0.6912075254367325,104.9001,2962308,1789062920,2026-09-10T17:55:20Z,NYSE:DIS
22.575572906531413,-3.243211705684999,-88.56952064298018,-3.4063708341005365,111.5815,49.61105944920673,0.710309080437699,104.92,2978696,1789063097,2026-09-10T17:58:17Z,NYSE:DIS
22.575572906531413,-3.2460688485421514,-88.45397822208247,-3.3971644264408005,111.5815,49.63886905072666,0.7199078517949702,104.93,2989630,1789063282,2026-09-10T18:01:22Z,NYSE:DIS
22.575572906531413,-3.241783134256437,-88.6272824353506,-3.410974037930398,111.5815,49.59714312784284,0.7055096947590702,104.915,3000275,1789063460,2026-09-10T18:04:20Z,NYSE:DIS
22.575572906531413,-3.2603545628278567,-87.87588912811024,-3.3511323881421475,111.5815,49.749801171184046,0.7679017085812988,104.98,3016351,1789063639,2026-09-10T18:07:19Z,NYSE:DIS
22.575572906531413,-3.24958313425644,-88.31182659035711,-3.3858405450193345,111.5815,49.67303279088164,0.7317143405644041,104.9423,3032613,1789063817,2026-09-10T18:10:17Z,NYSE:DIS
22.575572906531413,-3.2589259913992947,-87.93372632863144,-3.3557355919720218,111.5815,49.7636333334423,0.7631023229026564,104.975,3059850,1789064001,2026-09-10T18:13:21Z,NYSE:DIS
22.575572906531413,-3.2603259913992844,-87.87704593376662,-3.3512244522187475,111.5815,49.77718146633316,0.7678057208677229,104.9799,3090559,1789064175,2026-09-10T18:16:15Z,NYSE:DIS
22.575572906531413,-3.2489259913992754,-88.33841067948093,-3.387958018781078,111.5815,49.66664797300068,0.7295066231522277,104.94,3105085,1789064362,2026-09-10T18:19:22Z,NYSE:DIS
22.575572906531413,-3.250354562827866,-88.28061748498193,-3.3833548149512165,111.5815,49.68052594528096,0.7343060088308565,104.945,3124586,1789064537,2026-09-10T18:22:17Z,NYSE:DIS
22.575572906531413,-3.2403545628278465,-88.68503795036571,-3.415577241760272,111.5815,49.583219117589294,0.7007103090804279,104.91,3170034,1789064721,2026-09-10T18:25:21Z,NYSE:DIS
22.575572906531413,-3.23464027711357,-88.91599725734217,-3.433990057079731,111.5815,49.52744606009273,0.6815127663658991,104.89,3216598,1789064901,2026-09-10T18:28:21Z,NYSE:DIS
22.575572906531413,-3.23464027711357,-88.91599725734217,-3.433990057079731,111.5815,49.48553522059781,0.6815127663658991,104.89,3230931,1789065084,2026-09-10T18:31:24Z,NYSE:DIS
22.575572906531413,-3.2289259913992936,-89.14685620846303,-3.452402872399189,111.5815,49.47154946916913,0.6623152236513704,104.87,3246116,1789065263,2026-09-10T18:34:23Z,NYSE:DIS
22.575572906531413,-3.2389259913992845,-88.74278718905002,-3.420180445590134,111.5815,49.569287412072136,0.695910923401799,104.905,3269573,1789065439,2026-09-10T18:37:19Z,NYSE:DIS
22.575572906531413,-3.233211705685008,-88.9737214009288,-3.4385932609095926,111.5815,49.51348350963961,0.6767133806872704,104.885,3287925,1789065617,2026-09-10T18:40:17Z,NYSE:DIS
22.575572906531413,-3.2403545628278465,-88.68503795036571,-3.415577241760272,111.5815,49.583219117589294,0.7007103090804279,104.91,3324853,1789065801,2026-09-10T18:43:21Z,NYSE:DIS
22.575572906531413,-3.230354562827856,-89.08915087546649,-3.447799668569328,111.5815,49.48553522059781,0.6671146093299992,104.875,3364748,1789065976,2026-09-10T18:46:16Z,NYSE:DIS
22.575572906531413,-3.208925991399284,-89.95407317865995,-3.5168477260173145,111.5815,49.38719133237343,0.6334229218659946,104.8399,3385332,1789066162,2026-09-10T18:49:22Z,NYSE:DIS
22.575572906531413,-3.2174974199707123,-89.60827330466405,-3.4892285030381203,111.5815,49.35938404168903,0.6239201382222993,104.83,3427437,1789066343,2026-09-10T18:52:23Z,NYSE:DIS
22.575572906531413,-3.208925991399284,-89.95407317865995,-3.5168477260173145,111.5815,49.274932626603245,0.5951238241504995,104.8,3453072,1789066518,2026-09-10T18:55:18Z,NYSE:DIS
22.575572906531413,-3.21464027711356,-89.72356495841606,-3.498434910697856,111.5815,49.33126483221264,0.6143213668650281,104.82,3468069,1789066704,2026-09-10T18:58:24Z,NYSE:DIS
22.575572906531413,-3.2003545628278545,-90.29964791309268,-3.5444669489965093,111.5815,49.19019906821904,0.5663275100786995,104.77,3490332,1789066876,2026-09-10T19:01:16Z,NYSE:DIS
22.575572906531413,-3.211783134256436,-89.83883158036467,-3.507641318357579,111.5815,49.303114377886025,0.6047225955077706,104.81,3524464,1789067063,2026-09-10T19:04:23Z,NYSE:DIS
22.575572906531413,-3.244640277113561,-88.51175257223288,-3.401767630270675,111.5815,49.48553522059781,0.7151084661163278,104.925,3546595,1789067241,2026-09-10T19:07:21Z,NYSE:DIS
22.575572906531413,-3.2203545628278647,-89.49295661095245,-3.4800220953783843,111.5815,49.38747205830536,0.6335189095795706,104.84,3564119,1789067416,2026-09-10T19:10:16Z,NYSE:DIS
22.575572906531413,-3.213211705684998,-89.78120139785665,-3.5030381145277176,111.5815,49.31719351390952,0.6095219811863993,104.815,3584563,1789067602,2026-09-10T19:13:22Z,NYSE:DIS
22.575572906531413,-3.186097419970721,-90.87395579702311,-3.5904069232185623,111.5815,49.04863013216135,0.5184296410059468,104.7201,3615681,1789067773,2026-09-10T19:16:13Z,NYSE:DIS
22.575572906531413,-3.2317831342564176,-89.03143927329562,-3.443196464739467,111.5815,49.49951323194677,0.6719139950086279,104.88,3677577,1789067964,2026-09-10T19:19:24Z,NYSE:DIS
22.575572906531413,-3.2403545628278465,-88.68503795036571,-3.415577241760272,111.5815,49.583219117589294,0.7007103090804279,104.91,3728859,1789068136,2026-09-10T19:22:16Z,NYSE:DIS
22.575572906531413,-3.271783134256438,-87.4129649733277,-3.31430675750323,111.5815,49.88778096367831,0.8062967940103561,105.02,3778978,1789068319,2026-09-10T19:25:19Z,NYSE:DIS
22.575572906531413,-3.29178313425642,-86.60187735567226,-3.249861903885105,111.5815,50.07968453622669,0.8734881935112272,105.09,3800699,1789068499,2026-09-10T19:28:19Z,NYSE:DIS
22.575572906531413,-3.264640277113571,-87.70233977838062,-3.33732277665255,111.5815,49.818885915799456,0.7822998656171988,104.995,3860613,1789068682,2026-09-10T19:31:22Z,NYSE:DIS
22.575572906531413,-3.227497419970703,-89.20455527330552,-3.457006076229064,111.5815,49.457555971230015,0.6575158379727281,104.865,3905861,1789068860,2026-09-10T19:34:20Z,NYSE:DIS
22.575572906531413,-3.21464027711356,-89.72356495841606,-3.4892285030381203,111.5815,49.33126483221264,0.6239201382222993,104.83,3938936,1789069041,2026-09-10T19:37:21Z,NYSE:DIS
22.575572906531413,-3.2460688485421514,-88.45397822208247,-3.3971644264408005,111.5815,49.63886905072666,0.7199078517949702,104.93,3970209,1789069218,2026-09-10T19:40:18Z,NYSE:DIS
22.575572906531413,-3.2546402771135803,-88.10720019638931,-3.369545203461619,111.5815,49.72211398265745,0.7487041658667565,104.96,4015050,1789069399,2026-09-10T19:43:19Z,NYSE:DIS
22.575572906531413,-3.283211705684991,-86.94963768923223,-3.2774811268643,111.5815,49.99762041697226,0.8446918794394274,105.06,4053693,1789069583,2026-09-10T19:46:23Z,NYSE:DIS
22.575572906531413,-3.2974974199707248,-86.36991088085915,-3.2314490885656464,111.5815,50.13424446374967,0.8926857362257559,105.11,4090965,1789069760,2026-09-10T19:49:20Z,NYSE:DIS
22.575572906531413,-3.287497419970705,-86.77578591842648,-3.263671515374702,111.5815,50.03868617524855,0.8590900364753273,105.075,4162265,1789069942,2026-09-10T19:52:22Z,NYSE:DIS
22.575572906531413,-3.2974974199707248,-86.36991088085915,-3.2314490885656464,111.5815,50.13424446374967,0.8926857362257559,105.11,4211642,1789070122,2026-09-10T19:55:22Z,NYSE:DIS
22.575572906531413,-3.2860688485421434,-86.83374281753827,-3.2682747192045767,111.5815,50.025005085947626,0.8542906507966849,105.07,4261884,1789070297,2026-09-10T19:58:17Z,NYSE:DIS
22.575572906531413,-3.2946402771135723,-86.48590674900915,-3.240655496225382,111.5815,50.106979415825926,0.8830869648684847,105.1,4331125,1789070481,2026-09-10T20:01:21Z,NYSE:DIS
22.575572906531413,-3.280354562827867,-87.06550733242454,-3.2866875345240354,111.5815,49.9702057197296,0.8350931080821562,105.05,4439852,1789070656,2026-09-10T20:04:16Z,NYSE:DIS
22.575572906531413,-3.2912117056850008,-86.62506844635173,-3.25170318541706,111.5815,50.07422197619682,0.8715684392397649,105.088,4499061,1789070839,2026-09-10T20:07:19Z,NYSE:DIS
22.724930604875013,-3.1103545628278653,-78.77559533752282,-2.9000184128153244,111.5815,51.0963229072449,1.238241505087341,105.47,4631084,1789071021,2026-09-10T20:10:21Z,NYSE:DIS
22.774990709896752,-3.03749741997072,-76.47613836890334,-2.81255754004788,111.5815,51.3440452529215,1.3294298329813694,105.565,4842757,1789071200,2026-09-10T20:13:20Z,NYSE:DIS
23.01024471264149,-2.628925991399285,-67.23898843346257,-2.550174921745544,111.5815,52.07237959837785,1.602994816663455,105.85,5592602,1789071382,2026-09-10T20:16:22Z,NYSE:DIS
23.01024471264149,-2.620354562827856,-67.59950797029893,-2.577794144724739,111.5815,51.99674127272748,1.574198502591655,105.82,7293123,1789071562,2026-09-10T20:19:22Z,NYSE:DIS
23.01024471264149,-2.620354562827856,-67.59950797029893,-2.577794144724739,111.5815,51.99674127272748,1.574198502591655,105.82,7344561,1789071737,2026-09-10T20:22:17Z,NYSE:DIS
23.01024471264149,-2.620354562827856,-67.59950797029893,-2.577794144724739,111.5815,51.99674127272748,1.574198502591655,105.82,7344925,1789071917,2026-09-10T20:25:17Z,NYSE:DIS
23.01024471264149,-2.620354562827856,-67.59950797029893,-2.577794144724739,111.5815,51.99674127272748,1.574198502591655,105.82,7344943,1789072103,2026-09-10T20:28:23Z,NYSE:DIS
23.01024471264149,-2.620354562827856,-67.59950797029893,-2.577794144724739,111.5815,51.99674127272748,1.574198502591655,105.82,7347754,1789072281,2026-09-10T20:31:21Z,NYSE:DIS
23.01024471264149,-2.620354562827856,-67.59950797029893,-2.577794144724739,111.5815,51.99674127272748,1.574198502591655,105.82,7347999,1789072456,2026-09-10T20:34:16Z,NYSE:DIS
23.01024471264149,-2.620354562827856,-67.59950797029893,-2.577794144724739,111.5815,51.99674127272748,1.574198502591655,105.82,7348095,1789072642,2026-09-10T20:37:22Z,NYSE:DIS
23.01024471264149,-2.620354562827856,-67.59950797029893,-2.577794144724739,111.5815,51.99674127272748,1.574198502591655,105.82,7348130,1789072817,2026-09-10T20:40:17Z,NYSE:DIS
23.01024471264149,-2.620354562827856,-67.59950797029893,-2.577794144724739,111.5815,51.99674127272748,1.574198502591655,105.82,7348158,1789073001,2026-09-10T20:43:21Z,NYSE:DIS
23.01024471264149,-2.620354562827856,-67.59950797029893,-2.577794144724739,111.5815,51.99674127272748,1.574198502591655,105.82,7348163,1789073180,2026-09-10T20:46:20Z,NYSE:DIS
23.01024471264149,-2.620354562827856,-67.59950797029893,-2.577794144724739,111.5815,51.99674127272748,1.574198502591655,105.82,7348176,1789073357,2026-09-10T20:49:17Z,NYSE:DIS
23.01024471264149,-2.620354562827856,-67.59950797029893,-2.577794144724739,111.5815,51.99674127272748,1.574198502591655,105.82,7348268,1789073540,2026-09-10T20:52:20Z,NYSE:DIS
23.01024471264149,-2.620354562827856,-67.59950797029893,-2.577794144724739,111.5815,51.99674127272748,1.574198502591655,105.82,7353438,1789073725,2026-09-10T20:55:25Z,NYSE:DIS
23.01024471264149,-2.620354562827856,-67.59950797029893,-2.577794144724739,111.5815,51.99674127272748,1.574198502591655,105.82,7353756,1789073899,2026-09-10T20:58:19Z,NYSE:DIS
23.01024471264149,-2.620354562827856,-67.59950797029893,-2.577794144724739,111.5815,51.99674127272748,1.574198502591655,105.82,7354097,1789074081,2026-09-10T21:01:21Z,NYSE:DIS
23.01024471264149,-2.620354562827856,-67.59950797029893,-2.577794144724739,111.5815,51.99674127272748,1.574198502591655,105.82,7354144,1789074262,2026-09-10T21:04:22Z,NYSE:DIS
23.01024471264149,-2.620354562827856,-67.59950797029893,-2.577794144724739,111.5815,51.99674127272748,1.574198502591655,105.82,7387073,1789074442,2026-09-10T21:07:22Z,NYSE:DIS
23.01024471264149,-2.620354562827856,-67.59950797029893,-2.577794144724739,111.5815,51.99674127272748,1.574198502591655,105.82,7387173,1789074618,2026-09-10T21:10:18Z,NYSE:DIS
23.01024471264149,-2.620354562827856,-67.59950797029893,-2.577794144724739,111.5815,51.99674127272748,1.574198502591655,105.82,7387598,1789074802,2026-09-10T21:13:22Z,NYSE:DIS
23.01024471264149,-2.620354562827856,-67.59950797029893,-2.577794144724739,111.5815,51.99674127272748,1.574198502591655,105.82,7388630,1789074976,2026-09-10T21:16:16Z,NYSE:DIS
23.01024471264149,-2.620354562827856,-67.59950797029893,-2.577794144724739,111.5815,51.99674127272748,1.574198502591655,105.82,7388635,1789075160,2026-09-10T21:19:20Z,NYSE:DIS
23.01024471264149,-2.620354562827856,-67.59950797029893,-2.577794144724739,111.5815,51.99674127272748,1.574198502591655,105.82,7388680,1789075342,2026-09-10T21:22:22Z,NYSE:DIS
23.01024471264149,-2.620354562827856,-67.59950797029893,-2.577794144724739,111.5815,51.99674127272748,1.574198502591655,105.82,7388792,1789075522,2026-09-10T21:25:22Z,NYSE:DIS
23.01024471264149,-2.620354562827856,-67.59950797029893,-2.577794144724739,111.5815,51.99674127272748,1.574198502591655,105.82,7388864,1789075696,2026-09-10T21:28:16Z,NYSE:DIS
23.01024471264149,-2.620354562827856,-67.59950797029893,-2.577794144724739,111.5815,51.99674127272748,1.574198502591655,105.82,7388869,1789075880,2026-09-10T21:31:20Z,NYSE:DIS
23.01024471264149,-2.620354562827856,-67.59950797029893,-2.577794144724739,111.5815,51.99674127272748,1.574198502591655,105.82,7389377,1789076061,2026-09-10T21:34:21Z,NYSE:DIS
23.01024471264149,-2.620354562827856,-67.59950797029893,-2.577794144724739,111.5815,51.99674127272748,1.574198502591655,105.82,7389688,1789076242,2026-09-10T21:37:22Z,NYSE:DIS
23.01024471264149,-2.620354562827856,-67.59950797029893,-2.577794144724739,111.5815,51.99674127272748,1.574198502591655,105.82,7582164,1789076420,2026-09-10T21:40:20Z,NYSE:DIS
23.01024471264149,-2.620354562827856,-67.59950797029893,-2.577794144724739,111.5815,51.99674127272748,1.574198502591655,105.82,7582182,1789076603,2026-09-10T21:43:23Z,NYSE:DIS
23.01024471264149,-2.620354562827856,-67.59950797029893,-2.577794144724739,111.5815,51.99674127272748,1.574198502591655,105.82,7582415,1789076783,2026-09-10T21:46:23Z,NYSE:DIS
23.01024471264149,-2.620354562827856,-67.59950797029893,-2.577794144724739,111.5815,51.99674127272748,1.574198502591655,105.82,7582419,1789076962,2026-09-10T21:49:22Z,NYSE:DIS
23.01024471264149,-2.620354562827856,-67.59950797029893,-2.577794144724739,111.5815,51.99674127272748,1.574198502591655,105.82,7604573,1789077145,2026-09-10T21:52:25Z,NYSE:DIS
23.01024471264149,-2.620354562827856,-67.59950797029893,-2.577794144724739,111.5815,51.99674127272748,1.574198502591655,105.82,7604601,1789077315,2026-09-10T21:55:15Z,NYSE:DIS
23.01024471264149,-2.620354562827856,-67.59950797029893,-2.577794144724739,111.5815,51.99674127272748,1.574198502591655,105.82,7604622,1789077498,2026-09-10T21:58:18Z,NYSE:DIS
23.01024471264149,-2.620354562827856,-67.59950797029893,-2.577794144724739,111.5815,51.99674127272748,1.574198502591655,105.82,7604627,1789077683,2026-09-10T22:01:23Z,NYSE:DIS
23.01024471264149,-2.620354562827856,-67.59950797029893,-2.577794144724739,111.5815,51.99674127272748,1.574198502591655,105.82,7604628,1789077860,2026-09-10T22:04:20Z,NYSE:DIS
23.01024471264149,-2.620354562827856,-67.59950797029893,-2.577794144724739,111.5815,51.99674127272748,1.574198502591655,105.82,7605179,1789078041,2026-09-10T22:07:21Z,NYSE:DIS
23.01024471264149,-2.620354562827856,-67.59950797029893,-2.577794144724739,111.5815,51.99674127272748,1.574198502591655,105.82,7605189,1789078214,2026-09-10T22:10:14Z,NYSE:DIS
23.01024471264149,-2.620354562827856,-67.59950797029893,-2.577794144724739,111.5815,51.99674127272748,1.574198502591655,105.82,7605191,1789078403,2026-09-10T22:13:23Z,NYSE:DIS
23.01024471264149,-2.620354562827856,-67.59950797029893,-2.577794144724739,111.5815,51.99674127272748,1.574198502591655,105.82,7605198,1789078575,2026-09-10T22:16:15Z,NYSE:DIS
23.01024471264149,-2.620354562827856,-67.59950797029893,-2.577794144724739,111.5815,51.99674127272748,1.574198502591655,105.82,7605217,1789078761,2026-09-10T22:19:21Z,NYSE:DIS
23.01024471264149,-2.620354562827856,-67.59950797029893,-2.577794144724739,111.5815,51.99674127272748,1.574198502591655,105.82,7605779,1789078943,2026-09-10T22:22:23Z,NYSE:DIS
23.01024471264149,-2.620354562827856,-67.59950797029893,-2.577794144724739,111.5815,51.99674127272748,1.574198502591655,105.82,7607586,1789079122,2026-09-10T22:25:22Z,NYSE:DIS
23.01024471264149,-2.620354562827856,-67.59950797029893,-2.577794144724739,111.5815,51.99674127272748,1.574198502591655,105.82,7607596,1789079299,2026-09-10T22:28:19Z,NYSE:DIS
23.01024471264149,-2.620354562827856,-67.59950797029893,-2.577794144724739,111.5815,51.99674127272748,1.574198502591655,105.82,7607801,1789079488,2026-09-10T22:31:28Z,NYSE:DIS
23.01024471264149,-2.620354562827856,-67.59950797029893,-2.577794144724739,111.5815,51.99674127272748,1.574198502591655,105.82,7607813,1789079660,2026-09-10T22:34:20Z,NYSE:DIS
23.01024471264149,-2.620354562827856,-67.59950797029893,-2.577794144724739,111.5815,51.99674127272748,1.574198502591655,105.82,7607911,1789079840,2026-09-10T22:37:20Z,NYSE:DIS
23.01024471264149,-2.620354562827856,-67.59950797029893,-2.577794144724739,111.5815,51.99674127272748,1.574198502591655,105.82,7607926,1789080022,2026-09-10T22:40:22Z,NYSE:DIS
23.01024471264149,-2.620354562827856,-67.59950797029893,-2.577794144724739,111.5815,51.99674127272748,1.574198502591655,105.82,7607926,1789080204,2026-09-10T22:43:24Z,NYSE:DIS
23.01024471264149,-2.620354562827856,-67.59950797029893,-2.577794144724739,111.5815,51.99674127272748,1.574198502591655,105.82,7607927,1789080377,2026-09-10T22:46:17Z,NYSE:DIS
23.01024471264149,-2.620354562827856,-67.59950797029893,-2.577794144724739,111.5815,51.99674127272748,1.574198502591655,105.82,7607931,1789080561,2026-09-10T22:49:21Z,NYSE:DIS
23.01024471264149,-2.620354562827856,-67.59950797029893,-2.577794144724739,111.5815,51.99674127272748,1.574198502591655,105.82,7607932,1789080740,2026-09-10T22:52:20Z,NYSE:DIS
23.01024471264149,-2.620354562827856,-67.59950797029893,-2.577794144724739,111.5815,51.99674127272748,1.574198502591655,105.82,7607938,1789080921,2026-09-10T22:55:21Z,NYSE:DIS
23.01024471264149,-2.620354562827856,-67.59950797029893,-2.577794144724739,111.5815,51.99674127272748,1.574198502591655,105.82,7607943,1789081101,2026-09-10T22:58:21Z,NYSE:DIS
23.01024471264149,-2.620354562827856,-67.59950797029893,-2.577794144724739,111.5815,51.99674127272748,1.574198502591655,105.82,7607947,1789081278,2026-09-10T23:01:18Z,NYSE:DIS
23.01024471264149,-2.620354562827856,-67.59950797029893,-2.577794144724739,111.5815,51.99674127272748,1.574198502591655,105.82,7607950,1789081461,2026-09-10T23:04:21Z,NYSE:DIS
23.01024471264149,-2.620354562827856,-67.59950797029893,-2.577794144724739,111.5815,51.99674127272748,1.574198502591655,105.82,7607995,1789081637,2026-09-10T23:07:17Z,NYSE:DIS
23.01024471264149,-2.620354562827856,-67.59950797029893,-2.577794144724739,111.5815,51.99674127272748,1.574198502591655,105.82,7608016,1789081817,2026-09-10T23:10:17Z,NYSE:DIS
23.01024471264149,-2.620354562827856,-67.59950797029893,-2.577794144724739,111.5815,51.99674127272748,1.574198502591655,105.82,7608038,1789081997,2026-09-10T23:13:17Z,NYSE:DIS
23.01024471264149,-2.620354562827856,-67.59950797029893,-2.577794144724739,111.5815,51.99674127272748,1.574198502591655,105.82,7608038,1789082178,2026-09-10T23:16:18Z,NYSE:DIS
23.01024471264149,-2.620354562827856,-67.59950797029893,-2.577794144724739,111.5815,51.99674127272748,1.574198502591655,105.82,7608048,1789082358,2026-09-10T23:19:18Z,NYSE:DIS
23.01024471264149,-2.620354562827856,-67.59950797029893,-2.577794144724739,111.5815,51.99674127272748,1.574198502591655,105.82,7608062,1789082538,2026-09-10T23:22:18Z,NYSE:DIS
23.01024471264149,-2.620354562827856,-67.59950797029893,-2.577794144724739,111.5815,51.99674127272748,1.574198502591655,105.82,7608067,1789082716,2026-09-10T23:25:16Z,NYSE:DIS
23.01024471264149,-2.620354562827856,-67.59950797029893,-2.577794144724739,111.5815,51.99674127272748,1.574198502591655,105.82,7608075,1789082902,2026-09-10T23:28:22Z,NYSE:DIS
23.01024471264149,-2.620354562827856,-67.59950797029893,-2.577794144724739,111.5815,51.99674127272748,1.574198502591655,105.82,7608120,1789083074,2026-09-10T23:31:14Z,NYSE:DIS
23.01024471264149,-2.620354562827856,-67.59950797029893,-2.577794144724739,111.5815,51.99674127272748,1.574198502591655,105.82,7608131,1789083262,2026-09-10T23:34:22Z,NYSE:DIS
23.01024471264149,-2.620354562827856,-67.59950797029893,-2.577794144724739,111.5815,51.99674127272748,1.574198502591655,105.82,7608159,1789083443,2026-09-10T23:37:23Z,NYSE:DIS
23.01024471264149,-2.620354562827856,-67.59950797029893,-2.577794144724739,111.5815,51.99674127272748,1.574198502591655,105.82,7608170,1789083620,2026-09-10T23:40:20Z,NYSE:DIS
23.01024471264149,-2.620354562827856,-67.59950797029893,-2.577794144724739,111.5815,51.99674127272748,1.574198502591655,105.82,7608189,1789083800,2026-09-10T23:43:20Z,NYSE:DIS
23.01024471264149,-2.620354562827856,-67.59950797029893,-2.577794144724739,111.5815,51.99674127272748,1.574198502591655,105.82,7608191,1789083982,2026-09-10T23:46:22Z,NYSE:DIS
23.01024471264149,-2.620354562827856,-67.59950797029893,-2.577794144724739,111.5815,51.99674127272748,1.574198502591655,105.82,7608424,1789084156,2026-09-10T23:49:16Z,NYSE:DIS
23.01024471264149,-2.620354562827856,-67.59950797029893,-2.577794144724739,111.5815,51.99674127272748,1.574198502591655,105.82,7608667,1789084337,2026-09-10T23:52:17Z,NYSE:DIS
23.01024471264149,-2.620354562827856,-67.59950797029893,-2.577794144724739,111.5815,51.99674127272748,1.574198502591655,105.82,7608958,1789084522,2026-09-10T23:55:22Z,NYSE:DIS
23.01024471264149,-2.620354562827856,-67.59950797029893,-2.577794144724739,111.5815,51.99674127272748,1.574198502591655,105.82,7609096,1789084700,2026-09-10T23:58:20Z,NYSE:DIS
23.01024471264149,-2.620354562827856,-67.59950797029893,-2.577794144724739,111.5815,51.99674127272748,1.574198502591655,105.82,7609198,1789084880,2026-09-11T00:01:20Z,NYSE:DIS
23.01024471264149,-2.620354562827856,-67.59950797029893,-2.577794144724739,111.5815,51.99674127272748,1.574198502591655,105.82,7609198,1789085065,2026-09-11T00:04:25Z,NYSE:DIS
23.01024471264149,-2.620354562827856,-67.59950797029893,-2.577794144724739,111.5815,51.99674127272748,1.574198502591655,105.82,7609199,1789085240,2026-09-11T00:07:20Z,NYSE:DIS
23.01024471264149,-2.620354562827856,-67.59950797029893,-2.577794144724739,111.5815,51.99674127272748,1.574198502591655,105.82,7609316,1789085419,2026-09-11T00:10:19Z,NYSE:DIS
23.01024471264149,-2.620354562827856,-67.59950797029893,-2.577794144724739,111.5815,51.99674127272748,1.574198502591655,105.82,7609324,1789085600,2026-09-11T00:13:20Z,NYSE:DIS
23.01024471264149,-2.620354562827856,-67.59950797029893,-2.577794144724739,111.5815,51.99674127272748,1.574198502591655,105.82,7609754,1789085777,2026-09-11T00:16:17Z,NYSE:DIS
23.01024471264149,-2.620354562827856,-67.59950797029893,-2.577794144724739,111.5815,51.99674127272748,1.574198502591655,105.82,7609754,1789085960,2026-09-11T00:19:20Z,NYSE:DIS
23.01024471264149,-2.620354562827856,-67.59950797029893,-2.577794144724739,111.5815,51.99674127272748,1.574198502591655,105.82,7609754,1789086155,2026-09-11T00:22:35Z,NYSE:DIS
23.01024471264149,-2.620354562827856,-67.59950797029893,-2.577794144724739,111.5815,51.99674127272748,1.574198502591655,105.82,7609754,1789086319,2026-09-11T00:25:19Z,NYSE:DIS
23.01024471264149,-2.620354562827856,-67.59950797029893,-2.577794144724739,111.5815,51.99674127272748,1.574198502591655,105.82,7609754,1789086500,2026-09-11T00:28:20Z,NYSE:DIS
23.01024471264149,-2.620354562827856,-67.59950797029893,-2.577794144724739,111.5815,51.99674127272748,1.574198502591655,105.82,7609754,1789086681,2026-09-11T00:31:21Z,NYSE:DIS
23.01024471264149,-2.620354562827856,-67.59950797029893,-2.577794144724739,111.5815,51.99674127272748,1.574198502591655,105.82,7609754,1789086862,2026-09-11T00:34:22Z,NYSE:DIS
23.01024471264149,-2.620354562827856,-67.59950797029893,-2.577794144724739,111.5815,51.99674127272748,1.574198502591655,105.82,7609754,1789087034,2026-09-11T00:37:14Z,NYSE:DIS
23.01024471264149,-2.620354562827856,-67.59950797029893,-2.577794144724739,111.5815,51.99674127272748,1.574198502591655,105.82,7609754,1789087224,2026-09-11T00:40:24Z,NYSE:DIS
23.01024471264149,-2.620354562827856,-67.59950797029893,-2.577794144724739,111.5815,51.99674127272748,1.574198502591655,105.82,7609754,1789087402,2026-09-11T00:43:22Z,NYSE:DIS
23.01024471264149,-2.620354562827856,-67.59950797029893,-2.577794144724739,111.5815,51.99674127272748,1.574198502591655,105.82,7609754,1789087577,2026-09-11T00:46:17Z,NYSE:DIS
23.01024471264149,-2.620354562827856,-67.59950797029893,-2.577794144724739,111.5815,51.99674127272748,1.574198502591655,105.82,7609754,1789087760,2026-09-11T00:49:20Z,NYSE:DIS
23.01024471264149,-2.620354562827856,-67.59950797029893,-2.577794144724739,111.5815,51.99674127272748,1.574198502591655,105.82,7609754,1789087939,2026-09-11T00:52:19Z,NYSE:DIS
23.01024471264149,-2.620354562827856,-67.59950797029893,-2.577794144724739,111.5815,51.99674127272748,1.574198502591655,105.82,7609754,1789088122,2026-09-11T00:55:22Z,NYSE:DIS
23.01024471264149,-2.620354562827856,-67.59950797029893,-2.577794144724739,111.5815,51.99674127272748,1.574198502591655,105.82,7609754,1789088299,2026-09-11T00:58:19Z,NYSE:DIS
23.01024471264149,-2.620354562827856,-67.59950797029893,-2.577794144724739,111.5815,51.99674127272748,1.574198502591655,105.82,7609754,1789088484,2026-09-11T01:01:24Z,NYSE:DIS
23.01024471264149,-2.620354562827856,-67.59950797029893,-2.577794144724739,111.5815,51.99674127272748,1.574198502591655,105.82,7609754,1789088655,2026-09-11T01:04:15Z,NYSE:DIS
23.01024471264149,-2.620354562827856,-67.59950797029893,-2.577794144724739,111.5815,51.99674127272748,1.574198502591655,105.82,7609754,1789088842,2026-09-11T01:07:22Z,NYSE:DIS
23.01024471264149,-2.620354562827856,-67.59950797029893,-2.577794144724739,111.5815,51.99674127272748,1.574198502591655,105.82,7609754,1789089018,2026-09-11T01:10:18Z,NYSE:DIS
23.01024471264149,-2.620354562827856,-67.59950797029893,-2.577794144724739,111.5815,51.99674127272748,1.574198502591655,105.82,7609754,1789089204,2026-09-11T01:13:24Z,NYSE:DIS
23.01024471264149,-2.620354562827856,-67.59950797029893,-2.577794144724739,111.5815,51.99674127272748,1.574198502591655,105.82,7609754,1789089380,2026-09-11T01:16:20Z,NYSE:DIS
23.01024471264149,-2.620354562827856,-67.59950797029893,-2.577794144724739,111.5815,51.99674127272748,1.574198502591655,105.82,7609754,1789089561,2026-09-11T01:19:21Z,NYSE:DIS
23.01024471264149,-2.620354562827856,-67.59950797029893,-2.577794144724739,111.5815,51.99674127272748,1.574198502591655,105.82,7609754,1789089744,2026-09-11T01:22:24Z,NYSE:DIS
23.01024471264149,-2.620354562827856,-67.59950797029893,-2.577794144724739,111.5815,51.99674127272748,1.574198502591655,105.82,7609754,1789089915,2026-09-11T01:25:15Z,NYSE:DIS
23.01024471264149,-2.620354562827856,-67.59950797029893,-2.577794144724739,111.5815,51.99674127272748,1.574198502591655,105.82,7609754,1789090100,2026-09-11T01:28:20Z,NYSE:DIS
23.01024471264149,-2.620354562827856,-67.59950797029893,-2.577794144724739,111.5815,51.99674127272748,1.574198502591655,105.82,7609754,1789090277,2026-09-11T01:31:17Z,NYSE:DIS
23.01024471264149,-2.620354562827856,-67.59950797029893,-2.577794144724739,111.5815,51.99674127272748,1.574198502591655,105.82,7609754,1789090457,2026-09-11T01:34:17Z,NYSE:DIS
23.01024471264149,-2.620354562827856,-67.59950797029893,-2.577794144724739,111.5815,51.99674127272748,1.574198502591655,105.82,7609754,1789090638,2026-09-11T01:37:18Z,NYSE:DIS
23.01024471264149,-2.620354562827856,-67.59950797029893,-2.577794144724739,111.5815,51.99674127272748,1.574198502591655,105.82,7609754,1789090827,2026-09-11T01:40:27Z,NYSE:DIS
23.01024471264149,-2.620354562827856,-67.59950797029893,-2.577794144724739,111.5815,51.99674127272748,1.574198502591655,105.82,7609754,1789091001,2026-09-11T01:43:21Z,NYSE:DIS
23.01024471264149,-2.620354562827856,-67.59950797029893,-2.577794144724739,111.5815,51.99674127272748,1.574198502591655,105.82,7609754,1789091176,2026-09-11T01:46:16Z,NYSE:DIS
23.01024471264149,-2.620354562827856,-67.59950797029893,-2.577794144724739,111.5815,51.99674127272748,1.574198502591655,105.82,7609754,1789091364,2026-09-11T01:49:24Z,NYSE:DIS
23.01024471264149,-2.620354562827856,-67.59950797029893,-2.577794144724739,111.5815,51.99674127272748,1.574198502591655,105.82,7609754,1789091543,2026-09-11T01:52:23Z,NYSE:DIS
23.01024471264149,-2.620354562827856,-67.59950797029893,-2.577794144724739,111.5815,51.99674127272748,1.574198502591655,105.82,7609754,1789091721,2026-09-11T01:55:21Z,NYSE:DIS
23.01024471264149,-2.620354562827856,-67.59950797029893,-2.577794144724739,111.5815,51.99674127272748,1.574198502591655,105.82,7609754,1789091902,2026-09-11T01:58:22Z,NYSE:DIS
23.01024471264149,-2.620354562827856,-67.59950797029893,-2.577794144724739,111.5815,51.99674127272748,1.574198502591655,105.82,7609754,1789092081,2026-09-11T02:01:21Z,NYSE:DIS
23.01024471264149,-2.620354562827856,-67.59950797029893,-2.577794144724739,111.5815,51.99674127272748,1.574198502591655,105.82,7609754,1789092259,2026-09-11T02:04:19Z,NYSE:DIS
23.01024471264149,-2.620354562827856,-67.59950797029893,-2.577794144724739,111.5815,51.99674127272748,1.574198502591655,105.82,7609754,1789092440,2026-09-11T02:07:20Z,NYSE:DIS
23.01024471264149,-2.620354562827856,-67.59950797029893,-2.577794144724739,111.5815,51.99674127272748,1.574198502591655,105.82,7609754,1789092618,2026-09-11T02:10:18Z,NYSE:DIS
23.01024471264149,-2.620354562827856,-67.59950797029893,-2.577794144724739,111.5815,51.99674127272748,1.574198502591655,105.82,7609754,1789092803,2026-09-11T02:13:23Z,NYSE:DIS
23.01024471264149,-2.620354562827856,-67.59950797029893,-2.577794144724739,111.5815,51.99674127272748,1.574198502591655,105.82,7609754,1789092983,2026-09-11T02:16:23Z,NYSE:DIS
23.01024471264149,-2.620354562827856,-67.59950797029893,-2.577794144724739,111.5815,51.99674127272748,1.574198502591655,105.82,7609754,1789093156,2026-09-11T02:19:16Z,NYSE:DIS
23.01024471264149,-2.620354562827856,-67.59950797029893,-2.577794144724739,111.5815,51.99674127272748,1.574198502591655,105.82,7609754,1789093343,2026-09-11T02:22:23Z,NYSE:DIS
23.01024471264149,-2.620354562827856,-67.59950797029893,-2.577794144724739,111.5815,51.99674127272748,1.574198502591655,105.82,7609754,1789093517,2026-09-11T02:25:17Z,NYSE:DIS
23.01024471264149,-2.620354562827856,-67.59950797029893,-2.577794144724739,111.5815,51.99674127272748,1.574198502591655,105.82,7609754,1789093705,2026-09-11T02:28:25Z,NYSE:DIS
23.01024471264149,-2.620354562827856,-67.59950797029893,-2.577794144724739,111.5815,51.99674127272748,1.574198502591655,105.82,7609754,1789093881,2026-09-11T02:31:21Z,NYSE:DIS
23.01024471264149,-2.620354562827856,-67.59950797029893,-2.577794144724739,111.5815,51.99674127272748,1.574198502591655,105.82,7609754,1789094060,2026-09-11T02:34:20Z,NYSE:DIS
23.01024471264149,-2.620354562827856,-67.59950797029893,-2.577794144724739,111.5815,51.99674127272748,1.574198502591655,105.82,7609754,1789094243,2026-09-11T02:37:23Z,NYSE:DIS
23.01024471264149,-2.620354562827856,-67.59950797029893,-2.577794144724739,111.5815,51.99674127272748,1.574198502591655,105.82,7609754,1789094421,2026-09-11T02:40:21Z,NYSE:DIS
23.01024471264149,-2.620354562827856,-67.59950797029893,-2.577794144724739,111.5815,51.99674127272748,1.574198502591655,105.82,7609754,1789094599,2026-09-11T02:43:19Z,NYSE:DIS
23.01024471264149,-2.620354562827856,-67.59950797029893,-2.577794144724739,111.5815,51.99674127272748,1.574198502591655,105.82,7609754,1789094783,2026-09-11T02:46:23Z,NYSE:DIS
23.01024471264149,-2.620354562827856,-67.59950797029893,-2.577794144724739,111.5815,51.99674127272748,1.574198502591655,105.82,7609754,1789094960,2026-09-11T02:49:20Z,NYSE:DIS
23.01024471264149,-2.620354562827856,-67.59950797029893,-2.577794144724739,111.5815,51.99674127272748,1.574198502591655,105.82,7609754,1789095138,2026-09-11T02:52:18Z,NYSE:DIS
23.01024471264149,-2.620354562827856,-67.59950797029893,-2.577794144724739,111.5815,51.99674127272748,1.574198502591655,105.82,7609754,1789095317,2026-09-11T02:55:17Z,NYSE:DIS
23.01024471264149,-2.620354562827856,-67.59950797029893,-2.577794144724739,111.5815,51.99674127272748,1.574198502591655,105.82,7609754,1789095501,2026-09-11T02:58:21Z,NYSE:DIS
23.01024471264149,-2.620354562827856,-67.59950797029893,-2.577794144724739,111.5815,51.99674127272748,1.574198502591655,105.82,7609754,1789095682,2026-09-11T03:01:22Z,NYSE:DIS
23.01024471264149,-2.620354562827856,-67.59950797029893,-2.577794144724739,111.5815,51.99674127272748,1.574198502591655,105.82,7609754,1789095856,2026-09-11T03:04:16Z,NYSE:DIS
23.01024471264149,-2.620354562827856,-67.59950797029893,-2.577794144724739,111.5815,51.99674127272748,1.574198502591655,105.82,7609754,1789096040,2026-09-11T03:07:20Z,NYSE:DIS
23.01024471264149,-2.620354562827856,-67.59950797029893,-2.577794144724739,111.5815,51.99674127272748,1.574198502591655,105.82,7609754,1789096223,2026-09-11T03:10:23Z,NYSE:DIS
23.01024471264149,-2.620354562827856,-67.59950797029893,-2.577794144724739,111.5815,51.99674127272748,1.574198502591655,105.82,7609754,1789096400,2026-09-11T03:13:20Z,NYSE:DIS
23.01024471264149,-2.620354562827856,-67.59950797029893,-2.577794144724739,111.5815,51.99674127272748,1.574198502591655,105.82,7609754,1789096581,2026-09-11T03:16:21Z,NYSE:DIS
23.01024471264149,-2.620354562827856,-67.59950797029893,-2.577794144724739,111.5815,51.99674127272748,1.574198502591655,105.82,7609754,1789096758,2026-09-11T03:19:18Z,NYSE:DIS
23.01024471264149,-2.620354562827856,-67.59950797029893,-2.577794144724739,111.5815,51.99674127272748,1.574198502591655,105.82,7609754,1789096940,2026-09-11T03:22:20Z,NYSE:DIS
23.01024471264149,-2.620354562827856,-67.59950797029893,-2.577794144724739,111.5815,51.99674127272748,1.574198502591655,105.82,7609754,1789097119,2026-09-11T03:25:19Z,NYSE:DIS
23.01024471264149,-2.620354562827856,-67.59950797029893,-2.577794144724739,111.5815,51.99674127272748,1.574198502591655,105.82,7609754,1789097296,2026-09-11T03:28:16Z,NYSE:DIS
23.01024471264149,-2.620354562827856,-67.59950797029893,-2.577794144724739,111.5815,51.99674127272748,1.574198502591655,105.82,7609754,1789097481,2026-09-11T03:31:21Z,NYSE:DIS
23.01024471264149,-2.620354562827856,-67.59950797029893,-2.577794144724739,111.5815,51.99674127272748,1.574198502591655,105.82,7609754,1789097660,2026-09-11T03:34:20Z,NYSE:DIS
23.01024471264149,-2.620354562827856,-67.59950797029893,-2.577794144724739,111.5815,51.99674127272748,1.574198502591655,105.82,7609754,1789097833,2026-09-11T03:37:13Z,NYSE:DIS
23.01024471264149,-2.620354562827856,-67.59950797029893,-2.577794144724739,111.5815,51.99674127272748,1.574198502591655,105.82,7609754,1789098020,2026-09-11T03:40:20Z,NYSE:DIS
23.01024471264149,-2.620354562827856,-67.59950797029893,-2.577794144724739,111.5815,51.99674127272748,1.574198502591655,105.82,7609754,1789098199,2026-09-11T03:43:19Z,NYSE:DIS
23.01024471264149,-2.620354562827856,-67.59950797029893,-2.577794144724739,111.5815,51.99674127272748,1.574198502591655,105.82,7609754,1789098376,2026-09-11T03:46:16Z,NYSE:DIS
23.01024471264149,-2.620354562827856,-67.59950797029893,-2.577794144724739,111.5815,51.99674127272748,1.574198502591655,105.82,7609754,1789098563,2026-09-11T03:49:23Z,NYSE:DIS
23.01024471264149,-2.620354562827856,-67.59950797029893,-2.577794144724739,111.5815,51.99674127272748,1.574198502591655,105.82,7609754,1789098732,2026-09-11T03:52:12Z,NYSE:DIS
23.01024471264149,-2.620354562827856,-67.59950797029893,-2.577794144724739,111.5815,51.99674127272748,1.574198502591655,105.82,7609754,1789098919,2026-09-11T03:55:19Z,NYSE:DIS
23.01024471264149,-2.620354562827856,-67.59950797029893,-2.577794144724739,111.5815,51.99674127272748,1.574198502591655,105.82,7609754,1789099100,2026-09-11T03:58:20Z,NYSE:DIS
23.01024471264149,-2.620354562827856,-67.59950797029893,-2.577794144724739,111.5815,51.99674127272748,1.574198502591655,105.82,7609754,1789099277,2026-09-11T04:01:17Z,NYSE:DIS
23.01024471264149,-2.620354562827856,-67.59950797029893,-2.577794144724739,111.5815,51.99674127272748,1.574198502591655,105.82,7609754,1789099463,2026-09-11T04:04:23Z,NYSE:DIS
23.01024471264149,-2.620354562827856,-67.59950797029893,-2.577794144724739,111.5815,51.99674127272748,1.574198502591655,105.82,7609754,1789099640,2026-09-11T04:07:20Z,NYSE:DIS
23.01024471264149,-2.620354562827856,-67.59950797029893,-2.577794144724739,111.5815,51.99674127272748,1.574198502591655,105.82,7609754,1789099819,2026-09-11T04:10:19Z,NYSE:DIS
23.01024471264149,-2.620354562827856,-67.59950797029893,-2.577794144724739,111.5815,51.99674127272748,1.574198502591655,105.82,7609754,1789099996,2026-09-11T04:13:16Z,NYSE:DIS
23.01024471264149,-2.620354562827856,-67.59950797029893,-2.577794144724739,111.5815,51.99674127272748,1.574198502591655,105.82,7609754,1789100179,2026-09-11T04:16:19Z,NYSE:DIS
23.01024471264149,-2.620354562827856,-67.59950797029893,-2.577794144724739,111.5815,51.99674127272748,1.574198502591655,105.82,7609754,1789100362,2026-09-11T04:19:22Z,NYSE:DIS
23.01024471264149,-2.620354562827856,-67.59950797029893,-2.577794144724739,111.5815,51.99674127272748,1.574198502591655,105.82,7609754,1789100539,2026-09-11T04:22:19Z,NYSE:DIS
23.01024471264149,-2.620354562827856,-67.59950797029893,-2.577794144724739,111.5815,51.99674127272748,1.574198502591655,105.82,7609754,1789100712,2026-09-11T04:25:12Z,NYSE:DIS
23.01024471264149,-2.620354562827856,-67.59950797029893,-2.577794144724739,111.5815,51.99674127272748,1.574198502591655,105.82,7609754,1789100899,2026-09-11T04:28:19Z,NYSE:DIS
23.01024471264149,-2.620354562827856,-67.59950797029893,-2.577794144724739,111.5815,51.99674127272748,1.574198502591655,105.82,7609754,1789101079,2026-09-11T04:31:19Z,NYSE:DIS
23.01024471264149,-2.620354562827856,-67.59950797029893,-2.577794144724739,111.5815,51.99674127272748,1.574198502591655,105.82,7609754,1789101260,2026-09-11T04:34:20Z,NYSE:DIS
23.01024471264149,-2.620354562827856,-67.59950797029893,-2.577794144724739,111.5815,51.99674127272748,1.574198502591655,105.82,7609754,1789101439,2026-09-11T04:37:19Z,NYSE:DIS
23.01024471264149,-2.620354562827856,-67.59950797029893,-2.577794144724739,111.5815,51.99674127272748,1.574198502591655,105.82,7609754,1789101618,2026-09-11T04:40:18Z,NYSE:DIS
23.01024471264149,-2.620354562827856,-67.59950797029893,-2.577794144724739,111.5815,51.99674127272748,1.574198502591655,105.82,7609754,1789101798,2026-09-11T04:43:18Z,NYSE:DIS
23.01024471264149,-2.620354562827856,-67.59950797029893,-2.577794144724739,111.5815,51.99674127272748,1.574198502591655,105.82,7609754,1789101981,2026-09-11T04:46:21Z,NYSE:DIS
23.01024471264149,-2.620354562827856,-67.59950797029893,-2.577794144724739,111.5815,51.99674127272748,1.574198502591655,105.82,7609754,1789102160,2026-09-11T04:49:20Z,NYSE:DIS
23.01024471264149,-2.620354562827856,-67.59950797029893,-2.577794144724739,111.5815,51.99674127272748,1.574198502591655,105.82,7609754,1789102339,2026-09-11T04:52:19Z,NYSE:DIS
23.01024471264149,-2.620354562827856,-67.59950797029893,-2.577794144724739,111.5815,51.99674127272748,1.574198502591655,105.82,7609754,1789102516,2026-09-11T04:55:16Z,NYSE:DIS
23.01024471264149,-2.620354562827856,-67.59950797029893,-2.577794144724739,111.5815,51.99674127272748,1.574198502591655,105.82,7609754,1789102701,2026-09-11T04:58:21Z,NYSE:DIS
23.01024471264149,-2.620354562827856,-67.59950797029893,-2.577794144724739,111.5815,51.99674127272748,1.574198502591655,105.82,7609754,1789102882,2026-09-11T05:01:22Z,NYSE:DIS
23.01024471264149,-2.620354562827856,-67.59950797029893,-2.577794144724739,111.5815,51.99674127272748,1.574198502591655,105.82,7609754,1789103059,2026-09-11T05:04:19Z,NYSE:DIS
23.01024471264149,-2.620354562827856,-67.59950797029893,-2.577794144724739,111.5815,51.99674127272748,1.574198502591655,105.82,7609754,1789103241,2026-09-11T05:07:21Z,NYSE:DIS
23.01024471264149,-2.620354562827856,-67.59950797029893,-2.577794144724739,111.5815,51.99674127272748,1.574198502591655,105.82,7609754,1789103414,2026-09-11T05:10:14Z,NYSE:DIS
23.01024471264149,-2.620354562827856,-67.59950797029893,-2.577794144724739,111.5815,51.99674127272748,1.574198502591655,105.82,7609754,1789103601,2026-09-11T05:13:21Z,NYSE:DIS
23.01024471264149,-2.620354562827856,-67.59950797029893,-2.577794144724739,111.5815,51.99674127272748,1.574198502591655,105.82,7609754,1789103779,2026-09-11T05:16:19Z,NYSE:DIS
23.01024471264149,-2.620354562827856,-67.59950797029893,-2.577794144724739,111.5815,51.99674127272748,1.574198502591655,105.82,7609754,1789103959,2026-09-11T05:19:19Z,NYSE:DIS
23.01024471264149,-2.620354562827856,-67.59950797029893,-2.577794144724739,111.5815,51.99674127272748,1.574198502591655,105.82,7609754,1789104139,2026-09-11T05:22:19Z,NYSE:DIS
23.01024471264149,-2.620354562827856,-67.59950797029893,-2.577794144724739,111.5815,51.99674127272748,1.574198502591655,105.82,7609754,1789104321,2026-09-11T05:25:21Z,NYSE:DIS
23.01024471264149,-2.620354562827856,-67.59950797029893,-2.577794144724739,111.5815,51.99674127272748,1.574198502591655,105.82,7609754,1789104498,2026-09-11T05:28:18Z,NYSE:DIS
23.01024471264149,-2.620354562827856,-67.59950797029893,-2.577794144724739,111.5815,51.99674127272748,1.574198502591655,105.82,7609754,1789104678,2026-09-11T05:31:18Z,NYSE:DIS
23.01024471264149,-2.620354562827856,-67.59950797029893,-2.577794144724739,111.5815,51.99674127272748,1.574198502591655,105.82,7609754,1789104861,2026-09-11T05:34:21Z,NYSE:DIS
23.01024471264149,-2.620354562827856,-67.59950797029893,-2.577794144724739,111.5815,51.99674127272748,1.574198502591655,105.82,7609754,1789105039,2026-09-11T05:37:19Z,NYSE:DIS
23.01024471264149,-2.620354562827856,-67.59950797029893,-2.577794144724739,111.5815,51.99674127272748,1.574198502591655,105.82,7609754,1789105221,2026-09-11T05:40:21Z,NYSE:DIS
23.01024471264149,-2.620354562827856,-67.59950797029893,-2.577794144724739,111.5815,51.99674127272748,1.574198502591655,105.82,7609754,1789105404,2026-09-11T05:43:24Z,NYSE:DIS
23.01024471264149,-2.620354562827856,-67.59950797029893,-2.577794144724739,111.5815,51.99674127272748,1.574198502591655,105.82,7609754,1789105577,2026-09-11T05:46:17Z,NYSE:DIS
23.01024471264149,-2.620354562827856,-67.59950797029893,-2.577794144724739,111.5815,51.99674127272748,1.574198502591655,105.82,7609754,1789105764,2026-09-11T05:49:24Z,NYSE:DIS
23.01024471264149,-2.620354562827856,-67.59950797029893,-2.577794144724739,111.5815,51.99674127272748,1.574198502591655,105.82,7609754,1789105939,2026-09-11T05:52:19Z,NYSE:DIS
23.01024471264149,-2.620354562827856,-67.59950797029893,-2.577794144724739,111.5815,51.99674127272748,1.574198502591655,105.82,7609754,1789106117,2026-09-11T05:55:17Z,NYSE:DIS
23.01024471264149,-2.620354562827856,-67.59950797029893,-2.577794144724739,111.5815,51.99674127272748,1.574198502591655,105.82,7609754,1789106298,2026-09-11T05:58:18Z,NYSE:DIS
23.01024471264149,-2.620354562827856,-67.59950797029893,-2.577794144724739,111.5815,51.99674127272748,1.574198502591655,105.82,7609754,1789106480,2026-09-11T06:01:20Z,NYSE:DIS
23.01024471264149,-2.620354562827856,-67.59950797029893,-2.577794144724739,111.5815,51.99674127272748,1.574198502591655,105.82,7609754,1789106660,2026-09-11T06:04:20Z,NYSE:DIS
23.01024471264149,-2.620354562827856,-67.59950797029893,-2.577794144724739,111.5815,51.99674127272748,1.574198502591655,105.82,7609754,1789106838,2026-09-11T06:07:18Z,NYSE:DIS
23.01024471264149,-2.620354562827856,-67.59950797029893,-2.577794144724739,111.5815,51.99674127272748,1.574198502591655,105.82,7609754,1789107019,2026-09-11T06:10:19Z,NYSE:DIS
23.01024471264149,-2.620354562827856,-67.59950797029893,-2.577794144724739,111.5815,51.99674127272748,1.574198502591655,105.82,7609754,1789107198,2026-09-11T06:13:18Z,NYSE:DIS
23.01024471264149,-2.620354562827856,-67.59950797029893,-2.577794144724739,111.5815,51.99674127272748,1.574198502591655,105.82,7609754,1789107374,2026-09-11T06:16:14Z,NYSE:DIS
23.01024471264149,-2.620354562827856,-67.59950797029893,-2.577794144724739,111.5815,51.99674127272748,1.574198502591655,105.82,7609754,1789107560,2026-09-11T06:19:20Z,NYSE:DIS
23.01024471264149,-2.620354562827856,-67.59950797029893,-2.577794144724739,111.5815,51.99674127272748,1.574198502591655,105.82,7609754,1789107741,2026-09-11T06:22:21Z,NYSE:DIS
23.01024471264149,-2.620354562827856,-67.59950797029893,-2.577794144724739,111.5815,51.99674127272748,1.574198502591655,105.82,7609754,1789107922,2026-09-11T06:25:22Z,NYSE:DIS
23.01024471264149,-2.620354562827856,-67.59950797029893,-2.577794144724739,111.5815,51.99674127272748,1.574198502591655,105.82,7609754,1789108103,2026-09-11T06:28:23Z,NYSE:DIS
23.01024471264149,-2.620354562827856,-67.59950797029893,-2.577794144724739,111.5815,51.99674127272748,1.574198502591655,105.82,7609754,1789108280,2026-09-11T06:31:20Z,NYSE:DIS
23.01024471264149,-2.620354562827856,-67.59950797029893,-2.577794144724739,111.5815,51.99674127272748,1.574198502591655,105.82,7609754,1789108458,2026-09-11T06:34:18Z,NYSE:DIS
23.01024471264149,-2.620354562827856,-67.59950797029893,-2.577794144724739,111.5815,51.99674127272748,1.574198502591655,105.82,7609754,1789108638,2026-09-11T06:37:18Z,NYSE:DIS
23.01024471264149,-2.620354562827856,-67.59950797029893,-2.577794144724739,111.5815,51.99674127272748,1.574198502591655,105.82,7609754,1789108818,2026-09-11T06:40:18Z,NYSE:DIS
23.01024471264149,-2.620354562827856,-67.59950797029893,-2.577794144724739,111.5815,51.99674127272748,1.574198502591655,105.82,7609754,1789108996,2026-09-11T06:43:16Z,NYSE:DIS
23.01024471264149,-2.620354562827856,-67.59950797029893,-2.577794144724739,111.5815,51.99674127272748,1.574198502591655,105.82,7609754,1789109181,2026-09-11T06:46:21Z,NYSE:DIS
23.01024471264149,-2.620354562827856,-67.59950797029893,-2.577794144724739,111.5815,51.99674127272748,1.574198502591655,105.82,7609754,1789109359,2026-09-11T06:49:19Z,NYSE:DIS
23.01024471264149,-2.620354562827856,-67.59950797029893,-2.577794144724739,111.5815,51.99674127272748,1.574198502591655,105.82,7609754,1789109537,2026-09-11T06:52:17Z,NYSE:DIS
23.01024471264149,-2.620354562827856,-67.59950797029893,-2.577794144724739,111.5815,51.99674127272748,1.574198502591655,105.82,7609754,1789109717,2026-09-11T06:55:17Z,NYSE:DIS
23.01024471264149,-2.620354562827856,-67.59950797029893,-2.577794144724739,111.5815,51.99674127272748,1.574198502591655,105.82,7609754,1789109900,2026-09-11T06:58:20Z,NYSE:DIS
23.01024471264149,-2.620354562827856,-67.59950797029893,-2.577794144724739,111.5815,51.99674127272748,1.574198502591655,105.82,7609754,1789110078,2026-09-11T07:01:18Z,NYSE:DIS
23.01024471264149,-2.620354562827856,-67.59950797029893,-2.577794144724739,111.5815,51.99674127272748,1.574198502591655,105.82,7609754,1789110261,2026-09-11T07:04:21Z,NYSE:DIS
23.01024471264149,-2.620354562827856,-67.59950797029893,-2.577794144724739,111.5815,51.99674127272748,1.574198502591655,105.82,7609754,1789110442,2026-09-11T07:07:22Z,NYSE:DIS
23.01024471264149,-2.620354562827856,-67.59950797029893,-2.577794144724739,111.5815,51.99674127272748,1.574198502591655,105.82,7609754,1789110623,2026-09-11T07:10:23Z,NYSE:DIS
23.01024471264149,-2.620354562827856,-67.59950797029893,-2.577794144724739,111.5815,51.99674127272748,1.574198502591655,105.82,7609754,1789110802,2026-09-11T07:13:22Z,NYSE:DIS
23.01024471264149,-2.620354562827856,-67.59950797029893,-2.577794144724739,111.5815,51.99674127272748,1.574198502591655,105.82,7609754,1789110978,2026-09-11T07:16:18Z,NYSE:DIS
23.01024471264149,-2.620354562827856,-67.59950797029893,-2.577794144724739,111.5815,51.99674127272748,1.574198502591655,105.82,7609754,1789111159,2026-09-11T07:19:19Z,NYSE:DIS
23.01024471264149,-2.620354562827856,-67.59950797029893,-2.577794144724739,111.5815,51.99674127272748,1.574198502591655,105.82,7609754,1789111341,2026-09-11T07:22:21Z,NYSE:DIS
23.01024471264149,-2.620354562827856,-67.59950797029893,-2.577794144724739,111.5815,51.99674127272748,1.574198502591655,105.82,7609754,1789111517,2026-09-11T07:25:17Z,NYSE:DIS
23.01024471264149,-2.620354562827856,-67.59950797029893,-2.577794144724739,111.5815,51.99674127272748,1.574198502591655,105.82,7609754,1789111700,2026-09-11T07:28:20Z,NYSE:DIS
23.01024471264149,-2.620354562827856,-67.59950797029893,-2.577794144724739,111.5815,51.99674127272748,1.574198502591655,105.82,7609754,1789111878,2026-09-11T07:31:18Z,NYSE:DIS
23.01024471264149,-2.620354562827856,-67.59950797029893,-2.577794144724739,111.5815,51.99674127272748,1.574198502591655,105.82,7609754,1789112063,2026-09-11T07:34:23Z,NYSE:DIS
23.01024471264149,-2.620354562827856,-67.59950797029893,-2.577794144724739,111.5815,51.99674127272748,1.574198502591655,105.82,7609754,1789112240,2026-09-11T07:37:20Z,NYSE:DIS
23.01024471264149,-2.620354562827856,-67.59950797029893,-2.577794144724739,111.5815,51.99674127272748,1.574198502591655,105.82,7609754,1789112416,2026-09-11T07:40:16Z,NYSE:DIS
23.01024471264149,-2.620354562827856,-67.59950797029893,-2.577794144724739,111.5815,51.99674127272748,1.574198502591655,105.82,7609754,1789112598,2026-09-11T07:43:18Z,NYSE:DIS
23.01024471264149,-2.620354562827856,-67.59950797029893,-2.577794144724739,111.5815,51.99674127272748,1.574198502591655,105.82,7609754,1789112781,2026-09-11T07:46:21Z,NYSE:DIS
23.01024471264149,-2.620354562827856,-67.59950797029893,-2.577794144724739,111.5815,51.99674127272748,1.574198502591655,105.82,7609754,1789112964,2026-09-11T07:49:24Z,NYSE:DIS
23.01024471264149,-2.620354562827856,-67.59950797029893,-2.577794144724739,111.5815,51.99674127272748,1.574198502591655,105.82,7609754,1789113137,2026-09-11T07:52:17Z,NYSE:DIS
23.01024471264149,-2.620354562827856,-67.59950797029893,-2.577794144724739,111.5815,51.99674127272748,1.574198502591655,105.82,7609754,1789113321,2026-09-11T07:55:21Z,NYSE:DIS
23.01024471264149,-2.620354562827856,-67.59950797029893,-2.577794144724739,111.5815,51.99674127272748,1.574198502591655,105.82,7609754,1789113505,2026-09-11T07:58:25Z,NYSE:DIS
23.01024471264149,-2.620354562827856,-67.59950797029893,-2.577794144724739,111.5815,51.99674127272748,1.574198502591655,105.82,7609754,1789113679,2026-09-11T08:01:19Z,NYSE:DIS
23.01024471264149,-2.620354562827856,-67.59950797029893,-2.577794144724739,111.5815,51.99674127272748,1.574198502591655,105.82,7609754,1789113863,2026-09-11T08:04:23Z,NYSE:DIS
23.01024471264149,-2.620354562827856,-67.59950797029893,-2.577794144724739,111.5815,51.99674127272748,1.574198502591655,105.82,7609754,1789114036,2026-09-11T08:07:16Z,NYSE:DIS
23.01024471264149,-2.620354562827856,-67.59950797029893,-2.577794144724739,111.5815,51.99674127272748,1.574198502591655,105.82,7609754,1789114220,2026-09-11T08:10:20Z,NYSE:DIS
23.01024471264149,-2.620354562827856,-67.59950797029893,-2.577794144724739,111.5815,51.99674127272748,1.574198502591655,105.82,7609754,1789114401,2026-09-11T08:13:21Z,NYSE:DIS
23.01024471264149,-2.620354562827856,-67.59950797029893,-2.577794144724739,111.5815,51.99674127272748,1.574198502591655,105.82,7609754,1789114579,2026-09-11T08:16:19Z,NYSE:DIS
23.01024471264149,-2.620354562827856,-67.59950797029893,-2.577794144724739,111.5815,51.99674127272748,1.574198502591655,105.82,7609754,1789114758,2026-09-11T08:19:18Z,NYSE:DIS
23.01024471264149,-2.620354562827856,-67.59950797029893,-2.577794144724739,111.5815,51.99674127272748,1.574198502591655,105.82,7609754,1789114936,2026-09-11T08:22:16Z,NYSE:DIS
23.01024471264149,-2.620354562827856,-67.59950797029893,-2.577794144724739,111.5815,51.99674127272748,1.574198502591655,105.82,7609754,1789115121,2026-09-11T08:25:21Z,NYSE:DIS
23.01024471264149,-2.620354562827856,-67.59950797029893,-2.577794144724739,111.5815,51.99674127272748,1.574198502591655,105.82,7609754,1789115298,2026-09-11T08:28:18Z,NYSE:DIS
23.01024471264149,-2.620354562827856,-67.59950797029893,-2.577794144724739,111.5815,51.99674127272748,1.574198502591655,105.82,7609754,1789115479,2026-09-11T08:31:19Z,NYSE:DIS
23.01024471264149,-2.620354562827856,-67.59950797029893,-2.577794144724739,111.5815,51.99674127272748,1.574198502591655,105.82,7609754,1789115662,2026-09-11T08:34:22Z,NYSE:DIS
23.01024471264149,-2.620354562827856,-67.59950797029893,-2.577794144724739,111.5815,51.99674127272748,1.574198502591655,105.82,7609754,1789115838,2026-09-11T08:37:18Z,NYSE:DIS
23.01024471264149,-2.620354562827856,-67.59950797029893,-2.577794144724739,111.5815,51.99674127272748,1.574198502591655,105.82,7609754,1789116018,2026-09-11T08:40:18Z,NYSE:DIS
23.01024471264149,-2.620354562827856,-67.59950797029893,-2.577794144724739,111.5815,51.99674127272748,1.574198502591655,105.82,7609754,1789116197,2026-09-11T08:43:17Z,NYSE:DIS
23.01024471264149,-2.620354562827856,-67.59950797029893,-2.577794144724739,111.5815,51.99674127272748,1.574198502591655,105.82,7609754,1789116380,2026-09-11T08:46:20Z,NYSE:DIS
23.01024471264149,-2.620354562827856,-67.59950797029893,-2.577794144724739,111.5815,51.99674127272748,1.574198502591655,105.82,7609754,1789116558,2026-09-11T08:49:18Z,NYSE:DIS
23.01024471264149,-2.620354562827856,-67.59950797029893,-2.577794144724739,111.5815,51.99674127272748,1.574198502591655,105.82,7609754,1789116738,2026-09-11T08:52:18Z,NYSE:DIS
23.01024471264149,-2.620354562827856,-67.59950797029893,-2.577794144724739,111.5815,51.99674127272748,1.574198502591655,105.82,7609754,1789116918,2026-09-11T08:55:18Z,NYSE:DIS
23.01024471264149,-2.620354562827856,-67.59950797029893,-2.577794144724739,111.5815,51.99674127272748,1.574198502591655,105.82,7609754,1789117098,2026-09-11T08:58:18Z,NYSE:DIS
23.01024471264149,-2.620354562827856,-67.59950797029893,-2.577794144724739,111.5815,51.99674127272748,1.574198502591655,105.82,7609754,1789117276,2026-09-11T09:01:16Z,NYSE:DIS
23.01024471264149,-2.620354562827856,-67.59950797029893,-2.577794144724739,111.5815,51.99674127272748,1.574198502591655,105.82,7609754,1789117461,2026-09-11T09:04:21Z,NYSE:DIS
23.01024471264149,-2.620354562827856,-67.59950797029893,-2.577794144724739,111.5815,51.99674127272748,1.574198502591655,105.82,7609754,1789117640,2026-09-11T09:07:20Z,NYSE:DIS
23.01024471264149,-2.620354562827856,-67.59950797029893,-2.577794144724739,111.5815,51.99674127272748,1.574198502591655,105.82,7609754,1789117819,2026-09-11T09:10:19Z,NYSE:DIS
23.01024471264149,-2.620354562827856,-67.59950797029893,-2.577794144724739,111.5815,51.99674127272748,1.574198502591655,105.82,7609754,1789117996,2026-09-11T09:13:16Z,NYSE:DIS
23.01024471264149,-2.620354562827856,-67.59950797029893,-2.577794144724739,111.5815,51.99674127272748,1.574198502591655,105.82,7609754,1789118180,2026-09-11T09:16:20Z,NYSE:DIS
23.01024471264149,-2.620354562827856,-67.59950797029893,-2.577794144724739,111.5815,51.99674127272748,1.574198502591655,105.82,7609754,1789118363,2026-09-11T09:19:23Z,NYSE:DIS
23.01024471264149,-2.620354562827856,-67.59950797029893,-2.577794144724739,111.5815,51.99674127272748,1.574198502591655,105.82,7609754,1789118540,2026-09-11T09:22:20Z,NYSE:DIS
23.01024471264149,-2.620354562827856,-67.59950797029893,-2.577794144724739,111.5815,51.99674127272748,1.574198502591655,105.82,7609754,1789118721,2026-09-11T09:25:21Z,NYSE:DIS
23.01024471264149,-2.620354562827856,-67.59950797029893,-2.577794144724739,111.5815,51.99674127272748,1.574198502591655,105.82,7609754,1789118900,2026-09-11T09:28:20Z,NYSE:DIS
23.01024471264149,-2.620354562827856,-67.59950797029893,-2.577794144724739,111.5815,51.99674127272748,1.574198502591655,105.82,7609754,1789119080,2026-09-11T09:31:20Z,NYSE:DIS
23.01024471264149,-2.620354562827856,-67.59950797029893,-2.577794144724739,111.5815,51.99674127272748,1.574198502591655,105.82,7609754,1789119260,2026-09-11T09:34:20Z,NYSE:DIS
23.01024471264149,-2.620354562827856,-67.59950797029893,-2.577794144724739,111.5815,51.99674127272748,1.574198502591655,105.82,7609754,1789119440,2026-09-11T09:37:20Z,NYSE:DIS
23.01024471264149,-2.620354562827856,-67.59950797029893,-2.577794144724739,111.5815,51.99674127272748,1.574198502591655,105.82,7609754,1789119623,2026-09-11T09:40:23Z,NYSE:DIS
23.01024471264149,-2.620354562827856,-67.59950797029893,-2.577794144724739,111.5815,51.99674127272748,1.574198502591655,105.82,7609754,1789119802,2026-09-11T09:43:22Z,NYSE:DIS
23.01024471264149,-2.620354562827856,-67.59950797029893,-2.577794144724739,111.5815,51.99674127272748,1.574198502591655,105.82,7609754,1789119979,2026-09-11T09:46:19Z,NYSE:DIS
23.01024471264149,-2.620354562827856,-67.59950797029893,-2.577794144724739,111.5815,51.99674127272748,1.574198502591655,105.82,7609754,1789120158,2026-09-11T09:49:18Z,NYSE:DIS
23.01024471264149,-2.620354562827856,-67.59950797029893,-2.577794144724739,111.5815,51.99674127272748,1.574198502591655,105.82,7609754,1789120337,2026-09-11T09:52:17Z,NYSE:DIS
23.01024471264149,-2.620354562827856,-67.59950797029893,-2.577794144724739,111.5815,51.99674127272748,1.574198502591655,105.82,7609754,1789120517,2026-09-11T09:55:17Z,NYSE:DIS
23.01024471264149,-2.620354562827856,-67.59950797029893,-2.577794144724739,111.5815,51.99674127272748,1.574198502591655,105.82,7609754,1789120699,2026-09-11T09:58:19Z,NYSE:DIS
23.01024471264149,-2.620354562827856,-67.59950797029893,-2.577794144724739,111.5815,51.99674127272748,1.574198502591655,105.82,7609754,1789120883,2026-09-11T10:01:23Z,NYSE:DIS
23.01024471264149,-2.620354562827856,-67.59950797029893,-2.577794144724739,111.5815,51.99674127272748,1.574198502591655,105.82,7609754,1789121062,2026-09-11T10:04:22Z,NYSE:DIS
23.01024471264149,-2.620354562827856,-67.59950797029893,-2.577794144724739,111.5815,51.99674127272748,1.574198502591655,105.82,7609754,1789121238,2026-09-11T10:07:18Z,NYSE:DIS
23.01024471264149,-2.620354562827856,-67.59950797029893,-2.577794144724739,111.5815,51.99674127272748,1.574198502591655,105.82,7609754,1789121420,2026-09-11T10:10:20Z,NYSE:DIS
23.01024471264149,-2.620354562827856,-67.59950797029893,-2.577794144724739,111.5815,51.99674127272748,1.574198502591655,105.82,7609754,1789121595,2026-09-11T10:13:15Z,NYSE:DIS
23.01024471264149,-2.620354562827856,-67.59950797029893,-2.577794144724739,111.5815,51.99674127272748,1.574198502591655,105.82,7609754,1789121784,2026-09-11T10:16:24Z,NYSE:DIS
23.01024471264149,-2.620354562827856,-67.59950797029893,-2.577794144724739,111.5815,51.99674127272748,1.574198502591655,105.82,7609754,1789121963,2026-09-11T10:19:23Z,NYSE:DIS
23.01024471264149,-2.620354562827856,-67.59950797029893,-2.577794144724739,111.5815,51.99674127272748,1.574198502591655,105.82,7609754,1789122141,2026-09-11T10:22:21Z,NYSE:DIS
23.01024471264149,-2.620354562827856,-67.59950797029893,-2.577794144724739,111.5815,51.99674127272748,1.574198502591655,105.82,7609754,1789122319,2026-09-11T10:25:19Z,NYSE:DIS
23.01024471264149,-2.620354562827856,-67.59950797029893,-2.577794144724739,111.5815,51.99674127272748,1.574198502591655,105.82,7609754,1789122497,2026-09-11T10:28:17Z,NYSE:DIS
23.01024471264149,-2.620354562827856,-67.59950797029893,-2.577794144724739,111.5815,51.99674127272748,1.574198502591655,105.82,7609754,1789122679,2026-09-11T10:31:19Z,NYSE:DIS
23.01024471264149,-2.620354562827856,-67.59950797029893,-2.577794144724739,111.5815,51.99674127272748,1.574198502591655,105.82,7609754,1789122856,2026-09-11T10:34:16Z,NYSE:DIS
23.01024471264149,-2.620354562827856,-67.59950797029893,-2.577794144724739,111.5815,51.99674127272748,1.574198502591655,105.82,7609754,1789123037,2026-09-11T10:37:17Z,NYSE:DIS
23.01024471264149,-2.620354562827856,-67.59950797029893,-2.577794144724739,111.5815,51.99674127272748,1.574198502591655,105.82,7609754,1789123223,2026-09-11T10:40:23Z,NYSE:DIS
23.01024471264149,-2.620354562827856,-67.59950797029893,-2.577794144724739,111.5815,51.99674127272748,1.574198502591655,105.82,7609754,1789123402,2026-09-11T10:43:22Z,NYSE:DIS
23.01024471264149,-2.620354562827856,-67.59950797029893,-2.577794144724739,111.5815,51.99674127272748,1.574198502591655,105.82,7609754,1789123582,2026-09-11T10:46:22Z,NYSE:DIS
23.01024471264149,-2.620354562827856,-67.59950797029893,-2.577794144724739,111.5815,51.99674127272748,1.574198502591655,105.82,7609754,1789123756,2026-09-11T10:49:16Z,NYSE:DIS
23.01024471264149,-2.620354562827856,-67.59950797029893,-2.577794144724739,111.5815,51.99674127272748,1.574198502591655,105.82,7609754,1789123942,2026-09-11T10:52:22Z,NYSE:DIS
23.01024471264149,-2.620354562827856,-67.59950797029893,-2.577794144724739,111.5815,51.99674127272748,1.574198502591655,105.82,7609754,1789124119,2026-09-11T10:55:19Z,NYSE:DIS
23.01024471264149,-2.620354562827856,-67.59950797029893,-2.577794144724739,111.5815,51.99674127272748,1.574198502591655,105.82,7609754,1789124299,2026-09-11T10:58:19Z,NYSE:DIS
23.01024471264149,-2.620354562827856,-67.59950797029893,-2.577794144724739,111.5815,51.99674127272748,1.574198502591655,105.82,7609754,1789124478,2026-09-11T11:01:18Z,NYSE:DIS
23.01024471264149,-2.620354562827856,-67.59950797029893,-2.577794144724739,111.5815,51.99674127272748,1.574198502591655,105.82,7609754,1789124659,2026-09-11T11:04:19Z,NYSE:DIS
23.01024471264149,-2.620354562827856,-67.59950797029893,-2.577794144724739,111.5815,51.99674127272748,1.574198502591655,105.82,7609754,1789124846,2026-09-11T11:07:26Z,NYSE:DIS
23.01024471264149,-2.620354562827856,-67.59950797029893,-2.577794144724739,111.5815,51.99674127272748,1.574198502591655,105.82,7609754,1789125019,2026-09-11T11:10:19Z,NYSE:DIS
23.01024471264149,-2.620354562827856,-67.59950797029893,-2.577794144724739,111.5815,51.99674127272748,1.574198502591655,105.82,7609754,1789125205,2026-09-11T11:13:25Z,NYSE:DIS
23.01024471264149,-2.620354562827856,-67.59950797029893,-2.577794144724739,111.5815,51.99674127272748,1.574198502591655,105.82,7609754,1789125380,2026-09-11T11:16:20Z,NYSE:DIS
23.01024471264149,-2.620354562827856,-67.59950797029893,-2.577794144724739,111.5815,51.99674127272748,1.574198502591655,105.82,7609754,1789125557,2026-09-11T11:19:17Z,NYSE:DIS
23.01024471264149,-2.620354562827856,-67.59950797029893,-2.577794144724739,111.5815,51.99674127272748,1.574198502591655,105.82,7609754,1789125740,2026-09-11T11:22:20Z,NYSE:DIS
23.01024471264149,-2.620354562827856,-67.59950797029893,-2.577794144724739,111.5815,51.99674127272748,1.574198502591655,105.82,7609754,1789125919,2026-09-11T11:25:19Z,NYSE:DIS
23.01024471264149,-2.620354562827856,-67.59950797029893,-2.577794144724739,111.5815,51.99674127272748,1.574198502591655,105.82,7609754,1789126097,2026-09-11T11:28:17Z,NYSE:DIS
23.01024471264149,-2.620354562827856,-67.59950797029893,-2.577794144724739,111.5815,51.99674127272748,1.574198502591655,105.82,7609754,1789126279,2026-09-11T11:31:19Z,NYSE:DIS
23.01024471264149,-2.620354562827856,-67.59950797029893,-2.577794144724739,111.5815,51.99674127272748,1.574198502591655,105.82,7609754,1789126459,2026-09-11T11:34:19Z,NYSE:DIS
23.01024471264149,-2.620354562827856,-67.59950797029893,-2.577794144724739,111.5815,51.99674127272748,1.574198502591655,105.82,7609754,1789126635,2026-09-11T11:37:15Z,NYSE:DIS
23.01024471264149,-2.620354562827856,-67.59950797029893,-2.577794144724739,111.5815,51.99674127272748,1.574198502591655,105.82,7609754,1789126825,2026-09-11T11:40:25Z,NYSE:DIS
23.01024471264149,-2.620354562827856,-67.59950797029893,-2.577794144724739,111.5815,51.99674127272748,1.574198502591655,105.82,7609754,1789126997,2026-09-11T11:43:17Z,NYSE:DIS
23.01024471264149,-2.620354562827856,-67.59950797029893,-2.577794144724739,111.5815,51.99674127272748,1.574198502591655,105.82,7609754,1789127181,2026-09-11T11:46:21Z,NYSE:DIS
23.01024471264149,-2.620354562827856,-67.59950797029893,-2.577794144724739,111.5815,51.99674127272748,1.574198502591655,105.82,7609754,1789127363,2026-09-11T11:49:23Z,NYSE:DIS
23.01024471264149,-2.620354562827856,-67.59950797029893,-2.577794144724739,111.5815,51.99674127272748,1.574198502591655,105.82,7609754,1789127538,2026-09-11T11:52:18Z,NYSE:DIS
23.01024471264149,-2.620354562827856,-67.59950797029893,-2.577794144724739,111.5815,51.99674127272748,1.574198502591655,105.82,7609754,1789127717,2026-09-11T11:55:17Z,NYSE:DIS
23.01024471264149,-2.620354562827856,-67.59950797029893,-2.577794144724739,111.5815,51.99674127272748,1.574198502591655,105.82,7609754,1789127899,2026-09-11T11:58:19Z,NYSE:DIS
23.01024471264149,-2.620354562827856,-67.59950797029893,-2.577794144724739,111.5815,51.99674127272748,1.574198502591655,105.82,7609754,1789128079,2026-09-11T12:01:19Z,NYSE:DIS
23.01024471264149,-2.620354562827856,-67.59950797029893,-2.577794144724739,111.5815,51.99674127272748,1.574198502591655,105.82,7609754,1789128262,2026-09-11T12:04:22Z,NYSE:DIS
23.01024471264149,-2.620354562827856,-67.59950797029893,-2.577794144724739,111.5815,51.99674127272748,1.574198502591655,105.82,7609754,1789128436,2026-09-11T12:07:16Z,NYSE:DIS
23.01024471264149,-2.620354562827856,-67.59950797029893,-2.577794144724739,111.5815,51.99674127272748,1.574198502591655,105.82,7609754,1789128624,2026-09-11T12:10:24Z,NYSE:DIS
23.01024471264149,-2.620354562827856,-67.59950797029893,-2.577794144724739,111.5815,51.99674127272748,1.574198502591655,105.82,7609754,1789128799,2026-09-11T12:13:19Z,NYSE:DIS
23.01024471264149,-2.620354562827856,-67.59950797029893,-2.577794144724739,111.5815,51.99674127272748,1.574198502591655,105.82,7609754,1789128979,2026-09-11T12:16:19Z,NYSE:DIS
23.01024471264149,-2.620354562827856,-67.59950797029893,-2.577794144724739,111.5815,51.99674127272748,1.574198502591655,105.82,7609754,1789129157,2026-09-11T12:19:17Z,NYSE:DIS
23.01024471264149,-2.620354562827856,-67.59950797029893,-2.577794144724739,111.5815,51.99674127272748,1.574198502591655,105.82,7609754,1789129338,2026-09-11T12:22:18Z,NYSE:DIS
23.01024471264149,-2.620354562827856,-67.59950797029893,-2.577794144724739,111.5815,51.99674127272748,1.574198502591655,105.82,7609754,1789129520,2026-09-11T12:25:20Z,NYSE:DIS
23.01024471264149,-2.620354562827856,-67.59950797029893,-2.577794144724739,111.5815,51.99674127272748,1.574198502591655,105.82,7609754,1789129701,2026-09-11T12:28:21Z,NYSE:DIS
23.01024471264149,-2.620354562827856,-67.59950797029893,-2.577794144724739,111.5815,51.99674127272748,1.574198502591655,105.82,7609754,1789129883,2026-09-11T12:31:23Z,NYSE:DIS
23.01024471264149,-2.620354562827856,-67.59950797029893,-2.577794144724739,111.5815,51.99674127272748,1.574198502591655,105.82,7609754,1789130062,2026-09-11T12:34:22Z,NYSE:DIS
23.01024471264149,-2.620354562827856,-67.59950797029893,-2.577794144724739,111.5815,51.99674127272748,1.574198502591655,105.82,7609754,1789130232,2026-09-11T12:37:12Z,NYSE:DIS
23.01024471264149,-2.620354562827856,-67.59950797029893,-2.577794144724739,111.5815,51.99674127272748,1.574198502591655,105.82,7609754,1789130419,2026-09-11T12:40:19Z,NYSE:DIS
23.01024471264149,-2.620354562827856,-67.59950797029893,-2.577794144724739,111.5815,51.99674127272748,1.574198502591655,105.82,7609754,1789130601,2026-09-11T12:43:21Z,NYSE:DIS
23.01024471264149,-2.620354562827856,-67.59950797029893,-2.577794144724739,111.5815,51.99674127272748,1.574198502591655,105.82,7609754,1789130777,2026-09-11T12:46:17Z,NYSE:DIS
23.01024471264149,-2.620354562827856,-67.59950797029893,-2.577794144724739,111.5815,51.99674127272748,1.574198502591655,105.82,7609754,1789130960,2026-09-11T12:49:20Z,NYSE:DIS
23.01024471264149,-2.620354562827856,-67.59950797029893,-2.577794144724739,111.5815,51.99674127272748,1.574198502591655,105.82,7609754,1789131140,2026-09-11T12:52:20Z,NYSE:DIS
23.01024471264149,-2.620354562827856,-67.59950797029893,-2.577794144724739,111.5815,51.99674127272748,1.574198502591655,105.82,7609754,1789131324,2026-09-11T12:55:24Z,NYSE:DIS
23.01024471264149,-2.620354562827856,-67.59950797029893,-2.577794144724739,111.5815,51.99674127272748,1.574198502591655,105.82,7609754,1789131499,2026-09-11T12:58:19Z,NYSE:DIS
23.01024471264149,-2.620354562827856,-67.59950797029893,-2.577794144724739,111.5815,51.99674127272748,1.574198502591655,105.82,7609754,1789131679,2026-09-11T13:01:19Z,NYSE:DIS
23.01024471264149,-2.620354562827856,-67.59950797029893,-2.577794144724739,111.5815,51.99674127272748,1.574198502591655,105.82,7609754,1789131863,2026-09-11T13:04:23Z,NYSE:DIS
23.01024471264149,-2.620354562827856,-67.59950797029893,-2.577794144724739,111.5815,51.99674127272748,1.574198502591655,105.82,7609754,1789132040,2026-09-11T13:07:20Z,NYSE:DIS
23.01024471264149,-2.620354562827856,-67.59950797029893,-2.577794144724739,111.5815,51.99674127272748,1.574198502591655,105.82,7609754,1789132220,2026-09-11T13:10:20Z,NYSE:DIS
23.01024471264149,-2.620354562827856,-67.59950797029893,-2.577794144724739,111.5815,51.99674127272748,1.574198502591655,105.82,7609754,1789132403,2026-09-11T13:13:23Z,NYSE:DIS
23.01024471264149,-2.620354562827856,-67.59950797029893,-2.577794144724739,111.5815,51.99674127272748,1.574198502591655,105.82,7609754,1789132582,2026-09-11T13:16:22Z,NYSE:DIS
23.01024471264149,-2.620354562827856,-67.59950797029893,-2.577794144724739,111.5815,51.99674127272748,1.574198502591655,105.82,7609754,1789132754,2026-09-11T13:19:14Z,NYSE:DIS
23.01024471264149,-2.620354562827856,-67.59950797029893,-2.577794144724739,111.5815,51.99674127272748,1.574198502591655,105.82,7609754,1789132941,2026-09-11T13:22:21Z,NYSE:DIS
23.01024471264149,-2.620354562827856,-67.59950797029893,-2.577794144724739,111.5815,51.99674127272748,1.574198502591655,105.82,7609754,1789133116,2026-09-11T13:25:16Z,NYSE:DIS
23.01024471264149,-2.620354562827856,-67.59950797029893,-2.577794144724739,111.5815,51.99674127272748,1.574198502591655,105.82,7609754,1789133295,2026-09-11T13:28:15Z,NYSE:DIS
23.01024471264149,-2.620354562827856,-67.59950797029893,-2.577794144724739,111.5815,51.99674127272748,1.574198502591655,105.82,7609754,1789133480,2026-09-11T13:31:20Z,NYSE:DIS
23.01024471264149,-2.620354562827856,-67.59950797029893,-2.577794144724739,111.5815,51.99674127272748,1.574198502591655,105.82,7609754,1789133664,2026-09-11T13:34:24Z,NYSE:DIS
23.01024471264149,-2.620354562827856,-67.59950797029893,-2.577794144724739,111.5815,51.99674127272748,1.574198502591655,105.82,7609754,1789133838,2026-09-11T13:37:18Z,NYSE:DIS
23.01024471264149,-2.620354562827856,-67.59950797029893,-2.577794144724739,111.5815,51.99674127272748,1.574198502591655,105.82,7609754,1789134020,2026-09-11T13:40:20Z,NYSE:DIS
23.01024471264149,-2.620354562827856,-67.59950797029893,-2.577794144724739,111.5815,51.99674127272748,1.574198502591655,105.82,7609754,1789134207,2026-09-11T13:43:27Z,NYSE:DIS
22.12042549340741,0.6825532318618315,-15.400463699107933,0.1690299558644068,111.5815,54.20212284781946,0.8032508032508113,106.67,26278,1789134382,2026-09-11T13:46:22Z,NYSE:DIS
22.12042549340741,0.2789818032904207,-35.880942530889094,-0.6573387172504354,111.5815,51.90851877292622,-0.0283500283500159,105.79,217163,1789134560,2026-09-11T13:49:20Z,NYSE:DIS
22.12042549340741,0.0625532318618269,-30.94602987369444,-0.2253732744858624,111.5815,53.138319770916375,0.4063504063504128,106.25,268874,1789134738,2026-09-11T13:52:18Z,NYSE:DIS
22.12042549340741,0.0854103747189611,-32.00247120572864,-0.3004976993144832,111.5815,52.93006248091955,0.3307503307503388,106.17,327354,1789134923,2026-09-11T13:55:23Z,NYSE:DIS
22.12042549340741,0.0654103747189793,-31.07819406582449,-0.234763827589445,111.5815,53.112388445553975,0.3969003969003985,106.24,360539,1789135097,2026-09-11T13:58:17Z,NYSE:DIS
22.12042549340741,-0.0060181967096042,-27.764708834403173,0.0,111.5815,53.75217946232962,0.6331506331506348,106.49,476322,1789135278,2026-09-11T14:01:18Z,NYSE:DIS
22.12042549340741,0.0168389461475584,-28.827154359310807,-0.0751244248286208,111.5815,53.54935433331514,0.5575505575505608,106.41,519180,1789135459,2026-09-11T14:04:19Z,NYSE:DIS
22.12042549340741,0.1225532318618292,-33.7149463771785,-0.4225748896609904,111.5815,52.58766777523259,0.2079002079002202,106.04,578618,1789135639,2026-09-11T14:07:19Z,NYSE:DIS
22.12042549340741,0.2253818032904035,-38.42865437077688,-0.7605408958587652,111.5815,51.587871698557535,-0.1322056322056296,105.6801,602539,1789135818,2026-09-11T14:10:18Z,NYSE:DIS
22.12042549340741,0.1239818032904054,-34.96306110656121,-0.4930040379378265,111.5815,52.38785692861766,0.1370251370251467,105.965,646580,1789136001,2026-09-11T14:13:21Z,NYSE:DIS
22.12042549340741,0.0396960890046784,-31.07819406582449,-0.2159827213822798,111.5815,53.164222429348335,0.4158004158004271,106.26,691677,1789136180,2026-09-11T14:16:20Z,NYSE:DIS
22.12042549340741,-0.0031610538524375,-29.09245191314332,-0.0751244248286208,111.5815,53.54935433331514,0.5575505575505608,106.41,746272,1789136359,2026-09-11T14:19:19Z,NYSE:DIS
22.12042549340741,-0.0303039109953147,-27.83117058846895,0.0140858296553672,111.5815,53.7900121445266,0.6473256473256495,106.505,807710,1789136542,2026-09-11T14:22:22Z,NYSE:DIS
22.12042549340741,-0.0888753395667265,-25.099776597442684,0.2065921682787105,111.5815,54.30092388575209,0.8410508410508416,106.71,849222,1789136721,2026-09-11T14:25:21Z,NYSE:DIS
22.12042549340741,-0.0674467681381543,-26.100606070403643,0.1361630200018877,111.5815,54.115320826336536,0.7701757701757815,106.635,893821,1789136898,2026-09-11T14:28:18Z,NYSE:DIS
22.18813322212716,0.0154103747189822,-20.9440605150884,0.3568410179359655,111.5815,54.6919015841607,0.9922509922510032,106.87,929853,1789137082,2026-09-11T14:31:22Z,NYSE:DIS
22.26751201458305,0.1468389461475538,-16.21511509473037,0.5164804206967898,111.5815,55.10005116086429,1.1529011529011652,107.04,1005349,1789137257,2026-09-11T14:34:17Z,NYSE:DIS
22.338544558676286,0.3089818032904077,-13.83577614168445,0.525870973800359,111.5815,55.12383107969882,1.1623511623511662,107.05,1055930,1789137439,2026-09-11T14:37:19Z,NYSE:DIS
22.338544558676286,0.3004103747189788,-13.426887719315028,0.5540426331110935,111.5815,55.19501994405128,1.1907011907011955,107.08,1122114,1789137620,2026-09-11T14:40:20Z,NYSE:DIS
22.338544558676286,0.3289818032904179,-14.788707497429872,0.4601371020753208,111.5815,54.95684071787621,1.0962010962011064,106.98,1151673,1789137797,2026-09-11T14:43:17Z,NYSE:DIS
22.338544558676286,0.3289818032904179,-14.788707497429872,0.4601371020753208,111.5815,54.95684071787621,1.0962010962011064,106.98,1186922,1789137981,2026-09-11T14:46:21Z,NYSE:DIS
22.338544558676286,0.3032675175761312,-13.563216513263162,0.5446520800075109,111.5815,55.17131543137683,1.1812511812511812,107.07,1257877,1789138162,2026-09-11T14:49:22Z,NYSE:DIS
22.338544558676286,0.3575532318618286,-16.14727210336279,0.3662315710395348,111.5815,54.71611567989838,1.001701001701004,106.88,1327188,1789138341,2026-09-11T14:52:21Z,NYSE:DIS
22.338544558676286,0.3504103747189901,-15.8079354858061,0.3897079537984846,111.5815,54.77653783844495,1.025326025326033,106.905,1372734,1789138518,2026-09-11T14:55:18Z,NYSE:DIS
22.338544558676286,0.3318389461475419,-14.92471024798638,0.4507465489717382,111.5815,54.93288344586448,1.086751086751092,106.97,1420503,1789138698,2026-09-11T14:58:18Z,NYSE:DIS
22.338544558676286,0.2961246604332643,-13.2223332707043,0.5681284627664607,111.5815,55.23052974604333,1.2048762048762105,107.095,1463413,1789138884,2026-09-11T15:01:24Z,NYSE:DIS
22.36397539970028,0.3052418032904143,-9.96563416590357,0.7353648229880754,111.5815,55.64786470946424,1.373171423171426,107.27309,1514352,1789139062,2026-09-11T15:04:22Z,NYSE:DIS
22.382911402135445,0.3454103747189805,-9.115747029371132,0.7512442482862348,111.5815,55.68708738227362,1.3891513891514016,107.29,1786142,1789139242,2026-09-11T15:07:22Z,NYSE:DIS
22.382911402135445,0.3482675175761329,-9.253110559100678,0.7418536951826522,111.5815,55.66390081140872,1.3797013797013873,107.28,1813755,1789139423,2026-09-11T15:10:23Z,NYSE:DIS
22.382911402135445,0.3496960890046949,-9.321779937138828,0.7371584186308675,111.5815,55.65229842437825,1.3749763749763868,107.275,1849342,1789139595,2026-09-11T15:13:15Z,NYSE:DIS
22.39128999726572,0.385353231861842,-9.79949019518111,0.6856981876232611,111.5815,55.524737121508544,1.3231903231903348,107.2202,1878737,1789139782,2026-09-11T15:16:22Z,NYSE:DIS
22.39128999726572,0.3925532318618536,-10.14516893900509,0.6620339938022334,111.5815,55.46583090001399,1.2993762993762994,107.195,1951176,1789139964,2026-09-11T15:19:24Z,NYSE:DIS
22.39128999726572,0.3825532318618343,-9.66500301861242,0.6949009296647658,111.5815,55.54760303368595,1.3324513324513427,107.23,1991424,1789140136,2026-09-11T15:22:16Z,NYSE:DIS
22.39128999726572,0.4168389461475499,-11.30960661882725,0.582214292421828,111.5815,55.26598330663202,1.219051219051225,107.11,2018769,1789140316,2026-09-11T15:25:16Z,NYSE:DIS
22.39128999726572,0.4054103747189685,-10.761932053370964,0.619776504836145,111.5815,55.36025219088953,1.2568512568512686,107.15,2055635,1789140502,2026-09-11T15:28:22Z,NYSE:DIS
22.39128999726572,0.4168389461475499,-11.30960661882725,0.582214292421828,111.5815,55.26598330663202,1.219051219051225,107.11,2086187,1789140682,2026-09-11T15:31:22Z,NYSE:DIS
22.39128999726572,0.4139818032903974,-11.1727372842657,0.5916048455254106,111.5815,55.28958783441502,1.228501228501239,107.12,2115036,1789140861,2026-09-11T15:34:21Z,NYSE:DIS
22.39128999726572,0.3996960890046921,-10.487897424984183,0.6385576110432969,111.5815,55.407237798816034,1.275751275751284,107.17,2153053,1789141041,2026-09-11T15:37:21Z,NYSE:DIS
22.39128999726572,0.4139818032903974,-11.1727372842657,0.5916048455254106,111.5815,55.28958783441502,1.228501228501239,107.12,2187011,1789141224,2026-09-11T15:40:24Z,NYSE:DIS
22.39128999726572,0.4368389461475601,-12.266772781252856,0.5164804206967898,111.5815,55.10005116086429,1.1529011529011652,107.04,2233205,1789141397,2026-09-11T15:43:17Z,NYSE:DIS
22.39128999726572,0.4425532318618366,-12.539953731337636,0.4976993144896245,111.5815,55.05241563699146,1.134001134001137,107.02,2264658,1789141576,2026-09-11T15:46:16Z,NYSE:DIS
22.39128999726572,0.4754103747189901,-14.108205235661876,0.3897079537984846,111.5815,54.77653783844495,1.025326025326033,106.905,2322060,1789141760,2026-09-11T15:49:20Z,NYSE:DIS
22.39128999726572,0.4682675175761233,-13.767648475848212,0.4131843365574345,111.5815,54.83679896961996,1.0489510489510618,106.93,2349792,1789141935,2026-09-11T15:52:15Z,NYSE:DIS
22.39128999726572,0.4768389461475522,-14.176292124137392,0.3850126772466999,111.5815,54.76446630955727,1.0206010206010323,106.9,2369223,1789142118,2026-09-11T15:55:18Z,NYSE:DIS
22.39128999726572,0.4689818032904043,-13.801713328658224,0.4108366982815288,111.5815,54.8307800843858,1.0465885465885485,106.9275,2389205,1789142300,2026-09-11T15:58:20Z,NYSE:DIS
22.39128999726572,0.4911246604332575,-14.856712940937616,0.3380599117288003,111.5815,54.64339562327837,0.9733509733509744,106.85,2468586,1789142479,2026-09-11T16:01:19Z,NYSE:DIS
22.39128999726572,0.5425532318618309,-17.29950134816582,0.1690299558644068,111.5815,54.20212284781946,0.8032508032508113,106.67,2521558,1789142658,2026-09-11T16:04:18Z,NYSE:DIS
22.39128999726572,0.5154103747189822,-16.011561792844855,0.2582402103483949,111.5815,54.43608131585648,0.8930258930259,106.765,2548133,1789142837,2026-09-11T16:07:17Z,NYSE:DIS
22.39128999726572,0.4911246604332575,-14.856712940937616,0.3380599117288003,111.5815,54.64339562327837,0.9733509733509744,106.85,2577504,1789143023,2026-09-11T16:10:23Z,NYSE:DIS
22.39128999726572,0.4854103747189811,-14.584642333549317,0.3568410179359655,111.5815,54.6919015841607,1.0158760158760187,106.895,2600759,1789143201,2026-09-11T16:13:21Z,NYSE:DIS
22.39128999726572,0.4625532318618468,-13.49505619915668,0.4319654427645863,111.5815,54.88489236696909,1.067851067851077,106.95,2624690,1789143384,2026-09-11T16:16:24Z,NYSE:DIS
22.39128999726572,0.4896960890046955,-14.788707497429872,0.3427551882805983,111.5815,54.65553184768047,0.9780759780759885,106.855,2701432,1789143555,2026-09-11T16:19:15Z,NYSE:DIS
22.39128999726572,0.4782675175761142,-14.244370861534623,0.380317400694902,111.5815,54.75238833442637,1.0158760158760187,106.895,2756397,1789143739,2026-09-11T16:22:19Z,NYSE:DIS
22.39128999726572,0.4882675175761335,-14.720693916002658,0.3474504648323829,111.5815,54.66766157915634,0.9828009828009888,106.86,2779524,1789143918,2026-09-11T16:25:18Z,NYSE:DIS
22.39128999726572,0.5168389461475442,-16.07942100321848,0.2535449337966102,111.5815,54.42382732161062,0.8883008883008997,106.76,2803603,1789144103,2026-09-11T16:28:23Z,NYSE:DIS
22.39128999726572,0.5539818032904122,-17.840918028879816,0.1314677434500897,111.5815,54.102893670140695,0.7654507654507677,106.63,2817786,1789144280,2026-09-11T16:31:20Z,NYSE:DIS
22.39128999726572,0.5039818032904009,-15.46839596702533,0.2958024227627119,111.5815,54.5338765596917,0.9308259308259438,106.805,2853679,1789144462,2026-09-11T16:34:22Z,NYSE:DIS
22.39128999726572,0.5139818032904202,-15.943694470788325,0.2629354869001795,111.5815,54.44832872244904,0.8977508977509004,106.77,2873580,1789144635,2026-09-11T16:37:15Z,NYSE:DIS
22.39128999726572,0.531124660433278,-16.757567284109246,0.2065921682787105,111.5815,54.30092388575209,0.8410508410508416,106.71,2892046,1789144821,2026-09-11T16:40:21Z,NYSE:DIS
22.39128999726572,0.5368389461475545,-17.028599035395857,0.1878110620715587,111.5815,54.25157671088494,0.8221508221508266,106.69,2919610,1789144997,2026-09-11T16:43:17Z,NYSE:DIS
22.39128999726572,0.5482675175761358,-17.570274315122877,0.1502488496572549,111.5815,54.15256195019268,0.7843507843507963,106.65,2942598,1789145181,2026-09-11T16:46:21Z,NYSE:DIS
22.39128999726572,0.5282675175761256,-16.622002840028575,0.2159827213822931,111.5815,54.32555757294132,0.8505008505008559,106.72,2958949,1789145363,2026-09-11T16:49:23Z,NYSE:DIS
22.39128999726572,0.5396960890047069,-17.164066365799712,0.1784205089679894,111.5815,54.226863136989614,0.8127008127008256,106.68,2971277,1789145540,2026-09-11T16:52:20Z,NYSE:DIS
22.39128999726572,0.5654103747189936,-18.38181806681501,0.093905531035786,111.5815,54.003233563752296,0.7276507276507374,106.59,3009092,1789145720,2026-09-11T16:55:20Z,NYSE:DIS
22.39128999726572,0.5768389461475465,-18.92220220112364,0.0563433186214689,111.5815,53.90313971541428,0.6898506898506936,106.55,3026233,1789145900,2026-09-11T16:58:20Z,NYSE:DIS
22.39128999726572,0.5211246604332587,-16.282949978776625,0.239459104141243,111.5815,54.38702575975955,0.784445284445286,106.6501,3060304,1789146081,2026-09-11T17:01:21Z,NYSE:DIS
22.39128999726572,0.5254103747189731,-16.48640600151362,0.2253732744858757,111.5815,54.189742671465616,0.8599508599508702,106.73,3113405,1789146267,2026-09-11T17:04:27Z,NYSE:DIS
22.39128999726572,0.5368389461475545,-17.028599035395857,0.1878110620715587,111.5815,54.25157671088494,0.8221508221508266,106.69,3134877,1789146438,2026-09-11T17:07:18Z,NYSE:DIS
22.39128999726572,0.533981803290402,-16.893099345364856,0.1972016151751413,111.5815,54.27626361275405,0.8316008316008409,106.7,3160559,1789146619,2026-09-11T17:10:19Z,NYSE:DIS
22.39128999726572,0.5539818032904122,-17.840918028879816,0.1314677434500897,111.5815,54.102893670140695,0.7654507654507677,106.63,3185753,1789146804,2026-09-11T17:13:24Z,NYSE:DIS
22.39128999726572,0.5411246604332689,-17.231787899763837,0.1737252324161914,111.5815,54.21449633452056,0.8079758079758118,106.675,3207598,1789146977,2026-09-11T17:16:17Z,NYSE:DIS
22.39128999726572,0.533981803290402,-16.893099345364856,0.1972016151751413,111.5815,54.27626361275405,0.8316008316008409,106.7,3231020,1789147165,2026-09-11T17:19:25Z,NYSE:DIS
22.39128999726572,0.5496960890046978,-17.63794735743369,0.145553573105457,111.5815,54.14015496090356,0.7796257796257824,106.645,3251226,1789147343,2026-09-11T17:22:23Z,NYSE:DIS
22.39128999726572,0.5839818032904134,-19.259680630619,0.0328669358625324,111.5815,53.84035954072158,0.666225666225678,106.525,3292667,1789147515,2026-09-11T17:25:15Z,NYSE:DIS
22.39128999726572,0.6051246604332619,-20.25743911573263,-0.0366231571039548,111.5815,53.65352395278279,0.5962955962955966,106.451,3312644,1789147700,2026-09-11T17:28:20Z,NYSE:DIS
22.39128999726572,0.616838946147567,-20.80949456860058,-0.0751244248286208,111.5815,53.5748047116098,0.5575505575505608,106.41,3347918,1789147882,2026-09-11T17:31:22Z,NYSE:DIS
22.39128999726572,0.6054103747189856,-20.270910296492108,-0.0375622124143037,111.5815,53.650988789481694,0.5953505953506045,106.45,3360888,1789148058,2026-09-11T17:34:18Z,NYSE:DIS
22.39128999726572,0.57112466043327,-18.65207457578156,0.0751244248286208,111.5815,53.95324103410996,0.7087507087507088,106.57,3391178,1789148241,2026-09-11T17:37:21Z,NYSE:DIS
22.39128999726572,0.5454103747189833,-17.434903994081168,0.1596394027608242,111.5815,54.07801915258543,0.793800793800797,106.66,3411986,1789148420,2026-09-11T17:40:20Z,NYSE:DIS
22.39128999726572,0.5154103747189822,-16.011561792844855,0.2582402103483949,111.5815,54.43608131585648,0.8930258930259,106.765,3433020,1789148599,2026-09-11T17:43:19Z,NYSE:DIS
22.39128999726572,0.533981803290402,-16.893099345364856,0.1972016151751413,111.5815,54.27626361275405,0.8316008316008409,106.7,3455435,1789148776,2026-09-11T17:46:16Z,NYSE:DIS
22.39128999726572,0.5511246604332598,-17.705612322866877,0.1408582965536723,111.5815,54.12774125477017,0.774900774900782,106.64,3474187,1789148961,2026-09-11T17:49:21Z,NYSE:DIS
22.39128999726572,0.5611246604332791,-18.17904104971588,0.1079913606911532,111.5815,54.040656781148186,0.7004347004347065,106.5612,3496563,1789149144,2026-09-11T17:52:24Z,NYSE:DIS
22.39128999726572,0.5893532318618497,-19.513331953235664,0.0152126960278072,111.5815,53.7930360853061,0.6484596484596614,106.5062,3520869,1789149317,2026-09-11T17:55:17Z,NYSE:DIS
22.39128999726572,0.5954103747189947,-19.799227994371176,-0.0046952765517846,111.5815,53.73955479824848,0.6284256284256343,106.485,3539394,1789149500,2026-09-11T17:58:20Z,NYSE:DIS
22.39128999726572,0.5911246604332803,-19.59695800330111,0.0093905531035826,111.5815,53.77740812983494,0.6426006426006491,106.5,3561239,1789149681,2026-09-11T18:01:21Z,NYSE:DIS
22.39128999726572,0.5811246604332609,-19.12471339570476,0.0422574889661017,111.5815,53.86549211978401,0.6756756756756789,106.535,3576276,1789149859,2026-09-11T18:04:19Z,NYSE:DIS
22.39128999726572,0.5825532318618514,-19.192201035016147,0.037562212414317,111.5815,53.85292925217359,0.6709506709506785,106.53,3589695,1789150038,2026-09-11T18:07:18Z,NYSE:DIS
22.39128999726572,0.6025532318618332,-20.136184049673226,-0.0281716593107344,111.5815,53.67632794865267,0.6048006048006054,106.46,3604371,1789150222,2026-09-11T18:10:22Z,NYSE:DIS
22.39128999726572,0.5996960890047092,-20.001425708416026,-0.0187811062071518,111.5815,53.70163941695653,0.6142506142506197,106.47,3620076,1789150398,2026-09-11T18:13:18Z,NYSE:DIS
22.39128999726572,0.6054103747189856,-20.270910296492108,-0.0375622124143037,111.5815,53.650988789481694,0.5953505953506045,106.45,3633266,1789150581,2026-09-11T18:16:21Z,NYSE:DIS
22.39128999726572,0.6239818032904054,-21.14584939014156,-0.0986008075875573,111.5815,53.48560614052267,0.5339255339255452,106.385,3652655,1789150762,2026-09-11T18:19:22Z,NYSE:DIS
22.39128999726572,0.616838946147567,-20.80949456860058,-0.0751244248286208,111.5815,53.54935433331514,0.5575505575505608,106.41,3671935,1789150936,2026-09-11T18:22:16Z,NYSE:DIS
22.39128999726572,0.6311246604332723,-21.482004157988406,-0.1220771903465071,111.5815,53.42168273307663,0.5103005103005163,106.36,3687227,1789151125,2026-09-11T18:25:25Z,NYSE:DIS
22.39128999726572,0.6509532318618483,-22.414122782485084,-0.1872476288853386,111.5815,53.24330698812371,0.4447174447174491,106.2906,3701589,1789151300,2026-09-11T18:28:20Z,NYSE:DIS
22.39128999726572,0.619696089004691,-20.9440605150884,-0.08451497793219,111.5815,53.52387603582586,0.54810054810056,106.4,3721896,1789151483,2026-09-11T18:31:23Z,NYSE:DIS
22.39128999726572,0.5996960890047092,-20.001425708416026,-0.0187811062071518,111.5815,53.70163941695653,0.6142506142506197,106.47,3738698,1789151661,2026-09-11T18:34:21Z,NYSE:DIS
22.39128999726572,0.6068389461475476,-20.33826138807041,-0.0422574889661017,111.5815,53.63830881161682,0.5906255906255906,106.445,3754995,1789151840,2026-09-11T18:37:20Z,NYSE:DIS
22.39128999726572,0.5882675175761278,-19.46207116954496,0.0187811062071652,111.5815,53.802609287345774,0.6520506520506634,106.51,3769325,1789152021,2026-09-11T18:40:21Z,NYSE:DIS
22.39128999726572,0.6025532318618332,-20.136184049673226,-0.0281716593107344,111.5815,53.67632794865267,0.6048006048006054,106.46,3787940,1789152204,2026-09-11T18:43:24Z,NYSE:DIS
22.39128999726572,0.616838946147567,-20.80949456860058,-0.0751244248286208,111.5815,53.54935433331514,0.5575505575505608,106.41,3809114,1789152386,2026-09-11T18:46:26Z,NYSE:DIS
22.39128999726572,0.5796960890046989,-19.057217711244,0.0469527655178996,111.5815,53.87804814914076,0.6804006804006928,106.54,3890092,1789152560,2026-09-11T18:49:20Z,NYSE:DIS
22.39128999726572,0.5282675175761256,-16.622002840028575,0.2159827213822931,111.5815,54.32555757294132,0.8505008505008559,106.72,3924685,1789152741,2026-09-11T18:52:21Z,NYSE:DIS
22.39128999726572,0.5139818032904202,-15.943694470788325,0.2629354869001795,111.5815,54.44832872244904,0.8977508977509004,106.77,3943741,1789152922,2026-09-11T18:55:22Z,NYSE:DIS
22.39128999726572,0.5425532318618309,-17.29950134816582,0.1690299558644068,111.5815,54.20212284781946,0.8032508032508113,106.67,3967852,1789153101,2026-09-11T18:58:21Z,NYSE:DIS
22.39128999726572,0.5211246604332587,-16.282949978776625,0.239459104141243,111.5815,54.38702575975955,0.8741258741258849,106.745,3994649,1789153277,2026-09-11T19:01:17Z,NYSE:DIS
22.39128999726572,0.4882675175761335,-14.720693916002658,0.3474504648323829,111.5815,54.66766157915634,0.9828009828009888,106.86,4018630,1789153463,2026-09-11T19:04:23Z,NYSE:DIS
22.39128999726572,0.483981803290419,-14.516604329599836,0.3615362944877501,111.5815,54.70401186809091,0.9969759969760036,106.875,4041247,1789153639,2026-09-11T19:07:19Z,NYSE:DIS
22.39128999726572,0.4882675175761335,-14.720693916002658,0.3474504648323829,111.5815,54.66766157915634,0.9828009828009888,106.86,4058422,1789153818,2026-09-11T19:10:18Z,NYSE:DIS
22.39128999726572,0.4939818032904099,-14.992699420038184,0.328669358625231,111.5815,54.6191036748308,0.9639009639009736,106.84,4085468,1789154000,2026-09-11T19:13:20Z,NYSE:DIS
22.39128999726572,0.4825532318618286,-14.448558181885469,0.3662315710395348,111.5815,54.71611567989838,1.001701001701004,106.88,4113181,1789154178,2026-09-11T19:16:18Z,NYSE:DIS
22.39128999726572,0.4796960890047046,-14.312441449316566,0.3756221241431174,111.5815,54.74030390788745,1.0111510111510182,106.89,4136967,1789154362,2026-09-11T19:19:22Z,NYSE:DIS
22.39128999726572,0.4854103747189811,-14.584642333549317,0.3568410179359655,111.5815,54.6919015841607,0.9922509922510032,106.87,4165621,1789154542,2026-09-11T19:22:22Z,NYSE:DIS
22.39128999726572,0.51949608900469,-16.205617564033073,0.2448117194102732,111.5815,54.401017352274266,0.879512379512381,106.7507,4198516,1789154717,2026-09-11T19:25:17Z,NYSE:DIS
